../Pbp_ethf
rap	pT	cent	dPhi	ntrk	Et	ctauErrMin	ctauErrMax	NoCutEntry	CutEntry	NSig	NSigErr	NBkg	NBkgErr	coefExp	coefExpErr	coefPol1	coefPol1Err	coeffGaus	coeffGausErr	meanSig1	meanSig1Err	sigmaSig1	sigmaSig1Err	sigmaSig2	sigmaSig2Err	sigmaSig3	sigmaSig3Err	alpha	alphaErr	enne	enneErr	enneW	enneWErr	sigWidth	sigWidthErr	Gmc	GmcErr	bTau	bTauErr	fracRes	fracResErr	meanResSigW	meanResSigWErr	meanResSigN	meanResSigNErr	sigmaResSigW	sigmaResSigWErr	sigmaResSigN	sigmaResSigNErr	fpm	fpmErr	fLiving	fLivingErr	fbkgCtTot	fbkgCtTotErr	lambdam	lambdamErr	lambdap	lambdapErr	lambdasym	lambdasymErr	NLL	PROMPT	PROMPTErr	NON-PROMPT	NON-PROMPTErr	Bfraction	BfractionErr	Resolution	ResolutionErr	
-0.47-0.43	10.0-30.0	0.0-100.0	0.000-1.571	0.0-350.0	0.0-20.0	0.008	0.056	2073.0	2071.0	1674.18	42.4384	398.921	22.9301	-1.24244	0.203999	-0.05	0.0	0.248168	0.232979	3.09389	0.000576936	0.0139236	0.00395054	0.0228785	0.00243947	0.03	0.0	1.8	0.0	5.0	0.0	2.5	0.0	0.0210152	0.00139157	1.26994e-05	0.00459343	0.344664	0.0164532	0.0960928	0.0716089	0.00258764	0.00379288	-5.22008e-05	0.000574618	1.63389	0.219326	0.900181	0.0328109	1.0	2.86779	0.784503	0.00938045	0.0282398	0.00823313	0.148997	1.02759	0.368808	0.00679528	0.0429496	0.00216132	-4866.09	1085.79	36.2107	588.388	27.8591	0.351449	0.0140548	994.48	40.0021	
-0.47-0.43	10.0-30.0	0.0-100.0	0.000-1.571	0.0-350.0	20.0-30.0	0.008	0.056	1590.0	1589.0	1345.79	38.6019	244.032	19.7072	-1.7676	0.282613	-0.05	0.0	0.863542	0.0245846	3.09401	0.000615828	0.0189477	0.000594318	0.0599998	0.0038887	0.03	0.0	1.8	0.0	5.0	0.0	2.5	0.0	0.0283067	0.000917047	1.26994e-05	0.00459343	0.349538	0.0181468	0.0960928	0.0716089	0.00258764	0.00379288	-5.22008e-05	0.000574618	1.39287	0.181522	0.900181	0.0328109	0.864426	0.0533323	0.999185	0.995224	0.111573	0.0525754	0.0699214	0.0256286	0.317467	0.0330098	0.109135	0.887035	-3975.64	878.96	32.6044	466.828	24.6317	0.346881	0.0153621	958.587	28.2788	
-0.47-0.43	10.0-30.0	0.0-100.0	0.000-1.571	0.0-350.0	30.0-120.0	0.008	0.056	1254.0	1254.0	1031.65	33.2889	222.378	17.2875	-1.19573	0.275827	-0.05	0.0	0.603208	0.285906	3.09317	0.000770307	0.0176312	0.003017	0.0305144	0.00781815	0.03	0.0	1.8	0.0	5.0	0.0	2.5	0.0	0.0236003	0.00283075	1.26994e-05	0.00459343	0.389091	0.0220215	0.0960928	0.0716089	0.00258764	0.00379288	-5.22008e-05	0.000574618	1.63681	0.258157	0.900181	0.0328109	0.814977	0.0569598	0.910427	0.0711341	0.0100048	0.110233	0.0147721	0.00791646	0.362238	0.0390467	0.0803082	0.0493758	-2850.09	638.465	27.5235	393.183	22.2277	0.381121	0.0176913	994.941	41.5587	
-0.47-0.43	5.0-6.5	0.0-100.0	0.000-1.571	0.0-350.0	0.0-20.0	0.024	0.04	20.0	18.0	16.1929	4.16549	3.81739	2.22983	-0.620652	2.92577	-0.05	0.0	0.911388	0.595898	3.09368	0.00424415	0.0152378	0.00329448	0.0420419	0.0334245	0.03	0.0	1.8	0.0	5.0	0.0	2.5	0.0	0.0191895	0.0124103	0.0196907	0.0111832	0.0889824	0.0472722	0.00850123	0.111603	0.0	0.00841471	0.0	0.00841471	1.00015	1.78445	0.8	0.206117	0.9	0.252441	0.707205	0.252441	0.29	0.375187	0.05	0.119743	0.42	0.389811	0.1	0.251176	-53.844	10.1129	4.0171	6.08004	3.4374	0.375474	0.189031	801.912	103.142	
-0.47-0.43	5.0-6.5	0.0-100.0	0.000-1.571	0.0-350.0	20.0-30.0	0.024	0.048	12.0	12.0	11.9014	3.46441	1.0	0.555827	0.438858	1.07719	-0.05	0.0	0.929996	0.146518	3.0945	0.00491329	0.0172613	0.00370529	0.0100001	0.0307131	0.03	0.0	1.8	0.0	5.0	0.0	2.5	0.0	0.0168551	0.00192489	0.0132994	0.0120329	0.248197	0.126375	0.00850123	0.111603	0.0	0.00841471	0.0	0.00841471	1.89945	2.52919	0.8	0.206117	0.9	0.252441	0.707205	0.252441	0.29	0.375187	0.05	0.119743	0.42	0.389811	0.1	0.251176	-41.0576	7.39839	2.89307	4.50301	2.33452	0.37836	0.162315	815.617	144.844	
-0.47-0.43	5.0-6.5	0.0-100.0	0.000-1.571	0.0-350.0	30.0-120.0	0.024	0.048	13.0	13.0	12.5604	3.59456	1.0	0.888547	-0.696723	2.41825	-0.05	0.0	0.0700904	0.855234	3.09335	0.00456402	0.087373	0.0993507	0.0139919	0.00362808	0.03	0.0	1.8	0.0	5.0	0.0	2.5	0.0	0.0267792	0.0604713	0.0132994	0.0120329	0.0100047	6.02542	0.00850123	0.111603	0.0	0.00841471	0.0	0.00841471	1.0	1.95319	0.8	0.206117	0.9	0.252441	0.707205	0.252441	0.29	0.375187	0.05	0.119743	0.42	0.389811	0.1	0.251176	-58.6052	12.5604	57.4051	7.59734e-07	57.2924	6.04867e-08	4.56137	801.91	103.226	
-0.47-0.43	6.5-10.0	0.0-100.0	0.000-1.571	0.0-350.0	0.0-20.0	0.016	0.056	1946.0	1944.0	1625.13	41.5381	320.887	20.5229	-1.05237	0.224097	-0.05	0.0	0.216568	0.193264	3.09417	0.000546857	0.012835	0.00329095	0.0214359	0.00189381	0.03	0.0	1.8	0.0	5.0	0.0	2.5	0.0	0.0198912	0.00109754	1.05667e-05	0.00459441	0.379933	0.0218757	0.182658	0.104475	0.00251102	0.00382809	0.000769023	0.000866491	1.68314	0.116886	0.843766	0.0491645	0.936893	0.175513	0.909187	0.811677	0.234454	0.0493572	0.169435	0.081158	0.40048	0.0617481	0.155302	0.100141	-4915.34	1204.89	37.8256	420.241	24.4481	0.25859	0.013514	1048.51	57.8508	
-0.47-0.43	6.5-10.0	0.0-100.0	0.000-1.571	0.0-350.0	20.0-30.0	0.016	0.064	1627.0	1627.0	1333.68	37.681	293.578	19.4863	-1.15682	0.235504	-0.05	0.0	0.0700009	0.0683683	3.09452	0.000604091	0.0163087	0.00548327	0.0201626	0.000712504	0.03	0.0	1.8	0.0	5.0	0.0	2.5	0.0	0.0199171	0.000389533	2.80852e-05	0.00458636	0.437844	0.0275422	0.192845	0.107784	0.00215067	0.00364231	0.000700243	0.000883202	1.59143	0.121347	0.839014	0.0501278	0.763349	0.186586	0.864318	0.0979859	0.05491	0.537335	0.0167109	0.019633	0.396348	0.0434747	0.0931916	0.0467978	-4032.31	1006.99	34.2533	326.689	21.1903	0.244953	0.0143021	1027.91	53.8416	
-0.47-0.43	6.5-10.0	0.0-100.0	0.000-1.571	0.0-350.0	30.0-120.0	0.016	0.056	1234.0	1234.0	1041.31	33.1686	192.655	15.8597	-1.17512	0.291516	-0.05	0.0	0.138191	0.0622965	3.09499	0.000677139	0.01	0.00167025	0.021569	0.00116531	0.03	0.0	1.8	0.0	5.0	0.0	2.5	0.0	0.0203654	0.000603358	1.05667e-05	0.00459441	0.387522	0.0283428	0.182658	0.104475	0.00251102	0.00382809	0.000769023	0.000866491	1.56319	0.153399	0.843766	0.0491645	1.0	1.06565	0.638237	0.0445779	0.178506	0.0375593	0.0762855	0.488558	0.439203	0.0352782	0.0755572	0.0120734	-3282.97	791.692	30.4143	249.618	18.7703	0.239715	0.0163285	1014.02	52.3008	
-1.37--0.47	10.0-30.0	0.0-100.0	0.000-1.571	0.0-350.0	0.0-20.0	0.008	0.056	2462.0	2455.0	2046.48	48.0599	415.567	26.0579	-1.63555	0.210808	-0.05	0.0	0.815662	0.0365098	3.09233	0.000783276	0.0289405	0.000984985	0.0599949	0.0309975	0.03	0.0	1.8	0.0	5.0	0.0	2.5	0.0	0.0366969	0.00473172	5.34751e-05	0.00112297	0.386077	0.0160491	0.046396	0.0425929	0.00315858	0.00566577	0.000185693	0.000494346	3.36785	0.476634	0.94889	0.0300033	0.9356	0.0720502	0.977474	0.692082	0.173696	0.060464	0.0420094	0.0175082	0.388443	0.0320255	0.0381239	0.0416979	-4987.9	1302.16	40.0062	744.323	31.1592	0.363709	0.0126043	1176.8	100.308	
-1.37--0.47	10.0-30.0	0.0-100.0	0.000-1.571	0.0-350.0	20.0-30.0	0.008	0.048	1837.0	1828.0	1531.37	40.9925	305.639	21.3224	-1.25396	0.238065	-0.05	0.0	0.124706	0.0887824	3.0943	0.000907989	0.0142911	0.00507265	0.0340977	0.00207282	0.03	0.0	1.8	0.0	5.0	0.0	2.5	0.0	0.0322976	0.00117074	4.84416e-05	0.000220218	0.326093	0.0156439	0.0215278	0.0218572	0.00424386	0.0151179	0.000207322	0.000467697	2.37016	0.532694	0.966365	0.0223626	0.999795	0.823517	0.877902	0.0992348	0.170372	0.0427619	0.0532519	0.408459	0.396275	0.0383336	0.110278	0.0528139	-3846.18	959.495	34.2666	571.878	27.3654	0.373442	0.0148122	1017.2	30.3251	
-1.37--0.47	10.0-30.0	0.0-100.0	0.000-1.571	0.0-350.0	30.0-120.0	0.013	0.048	1325.0	1316.0	1099.38	35.9298	225.558	20.4224	-1.10004	0.279597	-0.05	0.0	0.15102	0.0916693	3.09384	0.00103374	0.060393	0.0160038	0.0271439	0.00189167	0.03	0.0	1.8	0.0	5.0	0.0	2.5	0.0	0.0342978	0.00295194	1.24775e-05	0.00459354	0.407767	0.0232478	0.0212799	0.0217248	0.00431341	0.0151796	0.000196317	0.000469239	2.54316	0.608019	0.966979	0.0223246	0.862673	0.0115835	1.0	3.73857	0.217396	0.0134565	0.0758389	0.00638065	0.418528	0.0124893	0.401206	2.87672	-2668.89	710.196	29.7151	389.183	22.4952	0.354003	0.0168769	1026.05	34.9395	
-1.37--0.47	5.0-6.5	0.0-100.0	0.000-1.571	0.0-350.0	0.0-20.0	0.024	0.136	884.0	866.0	661.73	28.9114	222.215	19.9063	0.518178	0.278049	-0.05	0.0	0.359564	0.576948	3.09145	0.00172346	0.0317191	0.00816107	0.0411834	0.00882121	0.03	0.0	1.8	0.0	5.0	0.0	2.5	0.0	0.0380524	0.00420496	1.18498e-05	0.00459382	0.361901	0.0395986	0.0766029	0.0630215	-0.00699987	0.0130728	0.00111446	0.00183202	1.82135	8.29838e-06	0.83939	0.0400467	0.995658	0.631327	0.433948	0.699268	0.288514	0.633198	0.0125392	0.250641	0.432728	0.078567	0.0699773	0.0257565	-1437.78	517.876	27.2505	143.854	16.436	0.21739	0.0229502	951.167	46.2519	
-1.37--0.47	5.0-6.5	0.0-100.0	0.000-1.571	0.0-350.0	20.0-30.0	0.024	0.145	697.0	680.0	460.154	23.3092	236.794	17.8898	0.401964	0.238098	-0.05	0.0	0.929998	0.528483	3.09078	0.00191746	0.0342588	0.00174549	0.0599999	0.00272846	0.03	0.0	1.8	0.0	5.0	0.0	2.5	0.0	0.036654	0.00877999	1.19273e-05	0.0103994	0.431014	0.0566611	0.0778192	0.063645	-0.00696776	0.0128583	0.00113139	0.001835	1.94303	0.363437	0.837571	0.0401707	0.829219	0.313042	0.397829	0.277618	0.139085	0.165023	0.0916019	0.102042	0.393379	0.104696	0.0868308	0.0352142	-1045.51	372.23	22.2185	87.924	12.5686	0.191075	0.0255415	969.911	60.0095	
-1.37--0.47	5.0-6.5	0.0-100.0	0.000-1.571	0.0-350.0	30.0-120.0	0.024	0.105	551.0	502.0	358.899	22.4748	192.11	18.3917	0.742034	0.288137	-0.05	0.0	0.717334	0.133976	3.09298	0.00240041	0.0315573	0.00308837	0.0599986	0.0492363	0.03	0.0	1.8	0.0	5.0	0.0	2.5	0.0	0.0416163	0.0102834	1.30168e-05	0.0106085	0.409106	0.0658172	0.079559	0.0637787	-0.00628197	0.0111856	0.00106125	0.00183599	2.66532	0.480701	0.836322	0.0409076	0.626228	0.18457	0.897208	0.087386	0.355396	0.224128	0.037543	0.025099	0.166473	0.0707145	0.621848	0.325096	-859.883	298.573	21.3922	60.3263	11.0597	0.168087	0.0289621	1099.53	104.781	
-1.37--0.47	6.5-10.0	0.0-100.0	0.000-1.571	0.0-350.0	0.0-20.0	0.016	0.088	3602.0	3586.0	2999.44	58.041	602.585	31.1761	-0.935345	0.168093	-0.05	0.0	0.0968482	0.0723569	3.09301	0.000654852	0.0527371	0.0106073	0.0298699	0.00116023	0.03	0.0	1.8	0.0	5.0	0.0	2.5	0.0	0.0327896	0.0014129	7.55867e-05	0.000999604	0.377237	0.0158156	0.105831	0.0331705	-0.00463101	0.00394148	0.00141138	0.000596212	1.65887	0.136046	0.86771	0.0210214	0.871916	0.133397	0.726412	0.117044	0.207346	0.0887647	0.0236045	0.0201961	0.44375	0.039943	0.089031	0.0242359	-7596.06	2167.79	52.419	831.653	35.3143	0.277269	0.01048	982.076	22.3992	
-1.37--0.47	6.5-10.0	0.0-100.0	0.000-1.571	0.0-350.0	20.0-30.0	0.016	0.073	2789.0	2750.0	2255.96	50.2581	533.029	28.3359	-0.759854	0.174799	-0.05	0.0	0.159751	0.101826	3.0936	0.00076192	0.0163836	0.00436572	0.0347601	0.00217919	0.03	0.0	1.8	0.0	5.0	0.0	2.5	0.0	0.0325288	0.00123651	1.96411e-05	0.00459024	0.367407	0.0191074	0.0972696	0.030368	-0.00506341	0.00415417	0.00133695	0.000587888	2.05384	0.183568	0.869369	0.0200864	0.780467	0.0608587	0.953636	0.0295998	0.318165	0.0612598	0.0510325	0.0154565	0.358984	0.037989	0.542778	0.376664	-5902.93	1711.71	46.6797	544.25	29.5272	0.24125	0.0119341	1045.27	31.5759	
-1.37--0.47	6.5-10.0	0.0-100.0	0.000-1.571	0.0-350.0	30.0-120.0	0.016	0.08	2140.0	2121.0	1736.81	43.9259	403.254	24.4136	-0.719802	0.200368	-0.05	0.0	0.225046	0.125696	3.09359	0.000870258	0.0202118	0.00296311	0.0355174	0.00253031	0.03	0.0	1.8	0.0	5.0	0.0	2.5	0.0	0.0327036	0.0013594	2.93564e-05	0.00458578	0.375956	0.0215373	0.0984023	0.0309728	-0.00495938	0.00411321	0.00140187	0.000589304	1.67611	0.18029	0.869593	0.0202284	0.811076	0.0494862	0.960972	0.0336388	0.203106	0.0560328	0.0647683	0.0193914	0.324438	0.0294324	0.443305	0.253055	-4547.89	1303.74	40.474	433.068	25.9013	0.249346	0.0135142	978.89	23.666	
-1.97--1.37	10.0-30.0	0.0-100.0	0.000-1.571	0.0-350.0	0.0-20.0	0.008	0.105	1828.0	1815.0	1472.12	41.834	355.896	25.1776	-1.47081	0.23567	-0.05	0.0	0.479822	0.252303	3.09255	0.00125713	0.0322765	0.00625111	0.0551253	0.00793528	0.03	0.0	1.8	0.0	5.0	0.0	2.5	0.0	0.0456134	0.00386959	1.96588e-05	0.00459023	0.380047	0.0189015	0.0135607	0.00417617	-0.00141767	0.012967	-0.00130685	0.000597975	4.0	0.608262	0.959585	0.0166986	0.989086	0.0247032	0.734975	0.0473854	0.0100021	0.69497	0.112713	0.136497	0.421671	0.035477	0.023069	0.00859875	-3002.6	914.469	34.7254	557.651	27.9582	0.378808	0.0156463	1060.8	22.7511	
-1.97--1.37	10.0-30.0	0.0-100.0	0.000-1.571	0.0-350.0	20.0-30.0	0.008	0.08	1217.0	1199.0	1011.78	35.7259	205.221	21.6707	-1.50973	0.317881	-0.05	0.0	0.437028	0.255128	3.09214	0.00159086	0.0585339	0.00970891	0.0353664	0.00535473	0.03	0.0	1.8	0.0	5.0	0.0	2.5	0.0	0.0469203	0.00412804	3.78781e-05	0.0296498	0.387337	0.0241929	0.273209	0.295364	0.00271308	0.0027207	-0.00267081	0.0013187	1.4126	0.116786	0.812382	0.0874803	0.819492	0.166221	0.999977	4.25807	0.102238	0.116539	0.0403508	0.0198525	0.445921	0.0750775	0.0409666	4.8001	-2114.71	654.867	30.1069	356.916	23.0341	0.352759	0.0190561	1012.34	103.127	
-1.97--1.37	10.0-30.0	0.0-100.0	0.000-1.571	0.0-350.0	30.0-120.0	0.008	0.08	959.0	946.0	795.497	30.6793	163.521	17.5867	-0.627692	0.328244	-0.05	0.0	0.464567	0.269037	3.08887	0.00184216	0.0352083	0.00595327	0.0571406	0.00879948	0.03	0.0	1.8	0.0	5.0	0.0	2.5	0.0	0.048209	0.00409897	3.78781e-05	0.0296498	0.281508	0.0197103	0.273209	0.295364	0.00271308	0.0027207	-0.00267081	0.0013187	1.44207	0.143826	0.812382	0.0874803	0.834252	0.0992228	0.909271	0.224278	0.0951908	0.145397	0.0905632	0.0405307	0.415174	0.0599137	0.0446995	0.0864308	-1689.57	484.444	26.181	311.053	21.9155	0.391017	0.0230557	1023.63	109.039	
-1.97--1.37	5.0-6.5	0.0-100.0	0.000-1.571	0.0-350.0	0.0-20.0	0.032	0.224	4494.0	4478.0	3172.15	67.6163	1321.85	52.1349	-0.764085	0.114517	-0.05	0.0	0.0843185	0.148541	3.0882	0.000894879	0.0654672	0.0280857	0.0410029	0.00192759	0.03	0.0	1.8	0.0	5.0	0.0	2.5	0.0	0.0435989	0.00296178	1.18836e-05	0.00459381	0.380379	0.0	0.0507215	0.0141804	-0.0099999	0.0154527	-0.000843588	0.000860523	2.08221	0.0	0.886888	0.0137315	0.999996	3.34504	0.526277	0.0730107	0.482744	0.0556587	0.016113	2.834e-05	0.357383	0.0319295	0.11646	0.0232774	nan	2379.11	50.7122	793.036	16.9041	0.25	0.0	983.149	14.0832	
-1.97--1.37	5.0-6.5	0.0-100.0	0.000-1.571	0.0-350.0	20.0-30.0	0.032	0.216	3512.0	3499.0	2233.24	57.4396	1278.74	48.4173	-0.723206	0.115555	-0.05	0.0	0.584756	0.293149	3.08665	0.00114464	0.0465241	0.00425293	0.042114	0.00582541	0.03	0.0	1.8	0.0	5.0	0.0	2.5	0.0	0.0447456	0.00183775	2.48331e-05	0.000188795	0.387155	0.025595	0.0491688	0.0137579	-0.00999997	0.0149644	-0.000860559	0.000859161	2.10764	1.94347e-05	0.887123	0.013539	0.988195	0.205872	0.261917	0.0603954	0.448277	0.0644306	0.0141396	4.22097e-07	0.440285	0.062525	0.105602	0.0141971	-4861.04	1832.43	54.3324	400.815	28.9309	0.179477	0.0121043	983.213	14.0436	
-1.97--1.37	5.0-6.5	0.0-100.0	0.000-1.571	0.0-350.0	30.0-120.0	0.032	0.2	2785.0	2761.0	1759.0	58.504	1026.03	51.8545	-0.787831	0.137643	-0.05	0.0	0.0700005	0.0286377	3.08855	0.00133477	0.15	0.113474	0.0427135	0.00138053	0.03	0.0	1.8	0.0	5.0	0.0	2.5	0.0	0.0571992	0.0107427	1.0006e-05	8.77179e-05	0.380264	0.0	0.0486621	0.0142443	-0.00999999	0.0144591	-0.000866196	0.000859813	2.07739	0.0	0.887938	0.0137821	0.997727	4.60508	0.354938	0.148194	0.531309	0.0858455	0.0172648	7.72007e-08	0.41559	0.0578464	0.138567	0.0209868	nan	1319.25	43.878	439.749	14.626	0.25	0.0	979.832	14.1286	
-1.97--1.37	6.5-10.0	0.0-100.0	0.000-1.571	0.0-350.0	0.0-20.0	0.016	0.184	4937.0	4930.0	3911.32	70.0604	1025.83	44.9777	-1.18893	0.13664	-0.05	0.0	0.506798	0.186228	3.08897	0.000826507	0.039241	0.00259499	0.0527962	0.00519805	0.03	0.0	1.8	0.0	5.0	0.0	2.5	0.0	0.0464238	0.00199989	1.00367e-05	0.00459466	0.360652	0.0152505	0.0726501	0.0197473	-0.0028121	0.00515014	-0.000398049	0.000582045	2.3966	0.280029	0.866905	0.0146191	0.990901	0.00866913	0.719476	0.066262	0.27171	0.0550285	0.5	0.411737	0.387789	0.0252838	0.0831396	0.019678	-8439.91	2972.03	65.4382	939.288	41.6076	0.240146	0.00972924	1055.56	33.3094	
-1.97--1.37	6.5-10.0	0.0-100.0	0.000-1.571	0.0-350.0	20.0-30.0	0.016	0.16	3635.0	3615.0	2795.98	60.6801	839.044	41.5294	-0.694757	0.145287	-0.05	0.0	0.194572	0.169947	3.08927	0.000963892	0.0608183	0.0114228	0.0403673	0.00267284	0.03	0.0	1.8	0.0	5.0	0.0	2.5	0.0	0.0450794	0.0026421	1.13456e-05	0.00459406	0.351534	0.0183088	0.0704976	0.0198138	-0.00263864	0.00523567	-0.000405169	0.000581544	2.82262	0.262611	0.869012	0.0147085	0.774737	0.0867679	0.96285	0.0227926	0.358624	0.0782755	0.041371	0.0170083	0.389885	0.0304636	0.629522	0.319307	-5984.84	2136.29	56.3455	659.686	35.0748	0.235941	0.0114521	1124.1	39.7262	
-1.97--1.37	6.5-10.0	0.0-100.0	0.000-1.571	0.0-350.0	30.0-120.0	0.024	0.12	2865.0	2797.0	2104.59	55.9276	760.423	42.2349	-0.470268	0.152438	-0.05	0.0	0.429242	0.296394	3.08788	0.00108259	0.0495924	0.00705618	0.0376708	0.0045518	0.03	0.0	1.8	0.0	5.0	0.0	2.5	0.0	0.043193	0.00273714	1.16567e-05	0.00459391	0.350189	0.0200047	0.0693638	0.0194689	-0.00281987	0.00529927	-0.000416166	0.000580245	2.4678	0.250537	0.867856	0.0146701	0.725946	0.103244	0.884345	0.0980168	0.425696	0.085525	0.0443062	0.0246607	0.335736	0.035993	0.243399	0.140093	-4830.11	1621.35	51.0393	483.233	30.2243	0.229609	0.0130005	1059.89	32.2675	
-2.4--1.97	10.0-30.0	0.0-100.0	0.000-1.571	0.0-350.0	0.0-20.0	0.016	0.088	747.0	737.0	576.535	27.7126	170.544	19.0264	-1.04057	0.334473	-0.05	0.0	0.521497	0.622489	3.09109	0.00271795	0.0668359	0.0104894	0.0438862	0.012148	0.03	0.0	1.8	0.0	5.0	0.0	2.5	0.0	0.0570188	0.00796121	4.24582e-05	0.00465698	0.328151	0.0285859	0.15502	0.0642028	-0.01	0.00200865	0.000427547	0.00123508	1.92414	0.283368	0.826548	0.0462562	1.0	3.53015	0.729206	0.0413249	0.0678195	0.0442001	0.0980649	1.28958	0.335168	0.0236566	0.0293598	0.00781726	-1133.56	374.954	23.9812	201.581	18.5513	0.349643	0.0274394	1072.94	61.7894	
-2.4--1.97	10.0-30.0	0.0-100.0	0.000-1.571	0.0-350.0	20.0-30.0	0.016	0.096	517.0	510.0	375.668	30.8093	141.421	27.1924	-1.00809	0.375127	-0.05	0.0	0.929725	0.503641	3.09497	0.00477592	0.0577912	0.0216965	0.039909	0.0253139	0.03	0.0	1.8	0.0	5.0	0.0	2.5	0.0	0.056719	0.0110019	6.70782e-05	0.000621269	0.334663	0.0368506	0.150711	0.0623635	-0.01	0.00199176	0.000422184	0.00122696	1.62602	0.311989	0.830958	0.045031	0.926723	0.21131	0.684699	0.284446	0.0742026	0.144103	0.0523337	0.0544843	0.443812	0.0814268	0.0574458	0.0276755	-703.673	243.305	23.7952	132.363	16.9084	0.352341	0.0345082	992.419	51.7871	
-2.4--1.97	10.0-30.0	0.0-100.0	0.000-1.571	0.0-350.0	30.0-120.0	0.016	0.08	404.0	393.0	305.48	19.3755	98.5201	12.9792	-0.822785	0.418211	-0.05	0.0	0.28	0.439331	3.08968	0.00394558	0.0566743	0.00998741	0.06	0.0093344	0.03	0.0	1.8	0.0	5.0	0.0	2.5	0.0	0.0590877	0.00373663	1.00001e-05	0.00459467	0.300196	0.0385859	0.153451	0.0636084	-0.00999999	0.00203653	0.000426201	0.00123324	1.25454	0.296358	0.830627	0.0461313	0.652445	0.0855161	0.938238	0.0603087	0.0100049	0.746077	0.0116085	0.00847574	0.310025	0.0569745	0.270805	0.214825	-599.978	199.891	17.3371	105.589	13.5899	0.34565	0.0387101	908.616	39.2887	
-2.4--1.97	5.0-6.5	0.0-100.0	0.000-1.571	0.0-350.0	0.0-20.0	0.04	0.184	1893.0	1891.0	1388.77	42.1849	504.139	29.914	-1.33912	0.193505	-0.05	0.0	0.754621	0.180315	3.08752	0.00171123	0.0604555	0.00405907	0.0360098	0.00894716	0.03	0.0	1.8	0.0	5.0	0.0	2.5	0.0	0.0554637	0.00263973	3.59923e-05	0.00458273	0.280747	0.0250661	0.0227174	0.00906367	0.00999999	0.0159585	-0.00103373	0.00128541	2.97395	0.561352	0.899079	0.0167099	0.831099	0.126476	0.895851	0.750283	0.483261	0.0960984	0.15189	0.0588601	0.426369	0.0574517	0.0971779	0.139059	-2587.14	1088.08	40.9309	300.688	25.8142	0.216513	0.0173854	995.44	27.4204	
-2.4--1.97	5.0-6.5	0.0-100.0	0.000-1.571	0.0-350.0	20.0-30.0	0.04	0.145	1447.0	1422.0	934.674	35.1597	512.315	28.5294	-1.10495	0.185282	-0.05	0.0	0.44	0.382002	3.09012	0.00206861	0.0482384	0.00804933	0.0549991	0.0278498	0.03	0.0	1.8	0.0	5.0	0.0	2.5	0.0	0.0521325	0.00848521	5.24856e-05	0.000369595	0.329047	0.0406189	0.0265924	0.0134308	0.00999999	0.0162221	-0.00120095	0.0012942	3.53105	0.660522	0.896459	0.0186972	0.945694	0.0441011	0.256757	0.0375001	0.0100002	0.183492	0.341354	0.225778	0.546692	0.0775148	0.0381136	0.00640765	-1801.05	754.861	34.081	179.813	20.0238	0.192381	0.020164	1055.38	47.9624	
-2.4--1.97	5.0-6.5	0.0-100.0	0.000-1.571	0.0-350.0	30.0-120.0	0.032	0.152	1055.0	1041.0	676.336	31.4603	378.658	26.3051	-1.28132	0.224892	-0.05	0.0	0.874325	0.144705	3.08731	0.00278159	0.0640151	0.00558965	0.0312473	0.0137776	0.03	0.0	1.8	0.0	5.0	0.0	2.5	0.0	0.0608739	0.00320032	5.07945e-05	0.00457592	0.242234	0.0308442	0.018659	0.00960829	0.00999998	0.0160465	-0.00100544	0.00128868	3.11239	0.740464	0.904145	0.0178197	0.999999	0.155473	0.526525	0.131221	0.499568	0.0915884	0.0231243	0.261108	0.390764	0.0656125	0.122125	0.0406503	-1290.78	538.449	30.6828	137.887	18.848	0.203873	0.0262047	991.45	31.5539	
-2.4--1.97	6.5-10.0	0.0-100.0	0.000-1.571	0.0-350.0	0.0-20.0	0.024	0.145	1818.0	1813.0	1371.69	44.2093	446.314	32.0744	-1.4382	0.210601	-0.05	0.0	0.929982	0.648891	3.09087	0.00174576	0.0546646	0.00328428	0.0556666	0.038327	0.03	0.0	1.8	0.0	5.0	0.0	2.5	0.0	0.0547353	0.00207261	7.34696e-05	0.00060852	0.359361	0.0248403	0.0562438	0.0226678	-0.00568514	0.0116856	-0.000591029	0.00101359	1.95293	0.281873	0.899213	0.0212308	0.999937	0.678055	0.561513	0.15668	0.224568	0.201761	0.0317592	0.257456	0.381326	0.0416304	0.0435924	0.0196183	-2739.26	1029.48	40.1292	342.205	25.1214	0.249477	0.0164548	988.745	24.997	
-2.4--1.97	6.5-10.0	0.0-100.0	0.000-1.571	0.0-350.0	20.0-30.0	0.024	0.136	1360.0	1351.0	1010.78	36.6221	349.243	26.0684	-1.46498	0.236513	-0.05	0.0	0.280002	0.345773	3.08706	0.00204352	0.0461067	0.00940134	0.0591878	0.00804577	0.03	0.0	1.8	0.0	5.0	0.0	2.5	0.0	0.0558349	0.00389307	8.50283e-05	0.000452312	0.347316	0.0286107	0.0563233	0.0227195	0.00962273	0.00996719	-0.000578061	0.00101325	2.11711	0.268225	0.8988	0.0212808	0.77952	0.163881	0.897503	0.100625	0.451614	0.117112	0.0393894	0.0317664	0.414369	0.0535309	0.202354	0.13338	-1948.33	760.411	37.1649	250.371	26.5419	0.2477	0.0246776	1007.37	27.5948	
-2.4--1.97	6.5-10.0	0.0-100.0	0.000-1.571	0.0-350.0	30.0-120.0	0.024	0.12	1059.0	1049.0	772.823	32.1232	286.165	23.3505	-1.08213	0.257838	-0.05	0.0	0.76	0.0851969	3.08915	0.00242219	0.0687092	0.00370276	0.0289909	0.00485569	0.03	0.0	1.8	0.0	5.0	0.0	2.5	0.0	0.06156	0.00208428	8.90307e-05	0.00200698	0.395451	0.0444568	0.0560248	0.0226844	-0.00572106	0.011614	-0.000580747	0.00101263	1.98586	0.434384	0.89897	0.021351	0.744029	0.0450831	0.999999	0.776042	0.430508	0.0430249	0.141372	0.0264306	0.371064	0.0357307	0.263183	1.09114	-1602.59	639.343	30.6912	133.48	16.325	0.172718	0.0198664	991.873	31.5963	
0.43-1.03	10.0-30.0	0.0-100.0	0.000-1.571	0.0-350.0	0.0-20.0	0.008	0.04	1376.0	1355.0	1151.49	35.3484	224.508	17.9592	-1.35182	0.275868	-0.05	0.0	0.07	0.0751094	3.09367	0.000920165	0.018613	0.00615451	0.0280469	0.000992109	0.03	0.0	1.8	0.0	5.0	0.0	2.5	0.0	0.0274921	0.000577201	1.95178e-05	0.0045903	0.356663	0.0201109	0.399998	0.247573	-0.00336641	0.0018522	0.000386123	0.00113989	1.4191	0.0799574	0.819577	0.0341044	1.0	3.31385	0.927841	0.0423445	0.219102	0.0360056	0.100088	2.47989	0.504306	0.0416777	0.057369	0.0281014	-2948.5	723.636	29.9548	427.853	24.0069	0.371565	0.0174516	1099.35	78.7024	
0.43-1.03	10.0-30.0	0.0-100.0	0.000-1.571	0.0-350.0	20.0-30.0	0.008	0.056	1036.0	1036.0	839.818	31.0002	196.196	17.8155	-1.67965	0.316174	-0.05	0.0	0.901995	0.0443832	3.09332	0.00104298	0.0264144	0.001053	0.06	0.00622977	0.03	0.0	1.8	0.0	5.0	0.0	2.5	0.0	0.0313394	0.00124807	4.92661e-05	0.00457662	0.400609	0.0255973	0.399984	0.282908	-0.00270281	0.00181687	-0.000115942	0.0010934	1.45022	0.107419	0.815323	0.0323123	0.999998	4.14166	0.94302	0.0412796	0.257512	0.0857925	0.00718873	2.33548	0.493535	0.0586551	0.233729	0.159547	-2075.84	513.033	25.7213	326.785	21.1769	0.389114	0.0207254	1113.59	95.8074	
0.43-1.03	10.0-30.0	0.0-100.0	0.000-1.571	0.0-350.0	30.0-120.0	0.008	0.04	828.0	822.0	681.668	27.4565	146.37	14.7831	-1.49135	0.354205	-0.05	0.0	0.554196	0.150798	3.09297	0.00119445	0.0207367	0.0026478	0.0425784	0.00646649	0.03	0.0	1.8	0.0	5.0	0.0	2.5	0.0	0.0323499	0.00253329	1.95178e-05	0.0045903	0.396276	0.0277873	0.399998	0.247573	-0.00336641	0.0018522	0.000386123	0.00113989	1.2016	0.10619	0.819577	0.0341044	0.999998	0.606849	0.707512	0.0710773	0.213309	0.0505182	0.201557	0.330163	0.416649	0.0490853	0.0958788	0.0250287	-1743.2	427.427	22.943	254.242	18.299	0.37297	0.0222474	990.229	55.3623	
0.43-1.03	5.0-6.5	0.0-100.0	0.000-1.571	0.0-350.0	0.0-20.0	0.024	0.088	109.0	105.0	80.906	9.42995	28.0979	6.00949	-0.336664	0.719706	-0.05	0.0	0.929911	0.713926	3.08692	0.00362251	0.0284363	0.00298705	0.0599619	0.0248333	0.03	0.0	1.8	0.0	5.0	0.0	2.5	0.0	0.0316851	0.0158333	0.00122283	0.0116906	0.414541	0.10272	0.308851	2.80641	0.00999992	0.0100367	-0.00226189	0.101848	1.00443	2.97489	1.04012	3.96275	1.0	0.205373	0.16017	0.100014	0.01	0.219069	0.0271124	0.10361	0.790421	0.288426	0.0303179	0.0163614	-198.269	56.9246	8.47058	23.9813	5.96177	0.29641	0.065087	1029.23	1455.58	
0.43-1.03	5.0-6.5	0.0-100.0	0.000-1.571	0.0-350.0	20.0-30.0	0.024	0.072	121.0	101.0	82.4346	10.0885	38.563	7.61113	0.999959	2.56139	-0.05	0.0	0.0716908	0.750772	3.09448	0.00458765	0.0186061	0.0146401	0.0344895	0.00647433	0.03	0.0	1.8	0.0	5.0	0.0	2.5	0.0	0.0336016	0.00563825	0.00128921	0.0147215	0.362962	0.135082	0.3998	0.389025	0.00999875	0.0100263	-0.00462538	0.012684	1.0	0.0666686	1.04222	0.126136	0.674107	0.95594	0.686834	1.1051	0.32217	0.303612	0.177558	0.161649	0.175977	0.114857	0.175762	0.140488	-223.916	72.1767	9.75543	10.2579	4.32679	0.124437	0.0502297	1025.55	41.4192	
0.43-1.03	5.0-6.5	0.0-100.0	0.000-1.571	0.0-350.0	30.0-120.0	0.024	0.096	103.0	93.0	65.045	8.50854	37.9491	6.73141	0.230531	0.611052	-0.05	0.0	0.929999	0.556985	3.08637	0.00373524	0.0275154	0.00296981	0.0288879	0.0168639	0.03	0.0	1.8	0.0	5.0	0.0	2.5	0.0	0.0276137	0.00155794	0.00122283	0.0116906	0.236402	0.0714682	0.398967	0.233726	0.00999952	0.0173721	-0.00422027	0.0128678	1.0	0.0887219	1.02493	0.123237	0.539677	24.5419	1.0	3285.34	0.010001	6.76702	0.00997996	2.8499e-07	0.0939751	2.85649	0.0100734	1843.57	-198.53	48.711	8.10048	16.334	5.43893	0.251118	0.0768956	1015.06	41.3624	
0.43-1.03	6.5-10.0	0.0-100.0	0.000-1.571	0.0-350.0	0.0-20.0	0.016	0.073	1718.0	1715.0	1458.41	39.8076	259.607	19.6431	-0.766705	0.247938	-0.05	0.0	0.280005	0.109863	3.09271	0.000803329	0.0225458	0.0026542	0.0302559	0.00148652	0.03	0.0	1.8	0.0	5.0	0.0	2.5	0.0	0.0283095	0.000755445	7.16473e-05	0.00083031	0.395278	0.0241419	0.161649	0.0783416	-0.00106162	0.00397941	0.000243062	0.000892506	1.72936	0.154015	0.830012	0.0355321	0.672974	0.0879155	0.781422	0.112312	0.0100533	0.880623	0.00726671	0.00727355	0.401578	0.0532337	0.0681841	0.0261858	-4007.81	1079.52	36.3948	378.887	23.734	0.259794	0.0146477	1030.05	49.9627	
0.43-1.03	6.5-10.0	0.0-100.0	0.000-1.571	0.0-350.0	20.0-30.0	0.016	0.073	1357.0	1355.0	1119.71	34.4067	237.382	17.3664	-0.807522	0.249518	-0.05	0.0	0.929963	0.535768	3.09263	0.000882032	0.0291453	0.000810125	0.0100001	0.00163814	0.03	0.0	1.8	0.0	5.0	0.0	2.5	0.0	0.0282304	0.00357707	7.16473e-05	0.00083031	0.336117	0.0261523	0.161649	0.0783416	-0.00106162	0.00397941	0.000243062	0.000892506	1.57532	0.149144	0.830012	0.0355321	1.0	1.42814	0.667423	0.0178773	0.193353	0.0141451	0.0510197	0.960426	0.480366	0.0164181	0.0672398	0.00475055	-3350.16	876.937	32.1422	242.773	19.0433	0.216818	0.0156481	989.297	42.2398	
0.43-1.03	6.5-10.0	0.0-100.0	0.000-1.571	0.0-350.0	30.0-120.0	0.016	0.064	1097.0	1085.0	904.946	31.6523	192.078	17.0003	-0.962103	0.294003	-0.05	0.0	0.697987	0.181784	3.09207	0.00100963	0.0236638	0.00228701	0.0410768	0.00822531	0.03	0.0	1.8	0.0	5.0	0.0	2.5	0.0	0.0300074	0.0024904	8.05318e-05	0.000392557	0.324955	0.0267109	0.162224	0.0772788	-0.000969263	0.00396888	0.000159343	0.000891216	1.62547	0.162437	0.828896	0.0354086	0.825985	0.0613272	0.552068	0.0659944	0.0100201	0.657907	0.223948	0.0841097	0.442413	0.0693728	0.01509	0.00690326	-2573.81	684.627	29.0202	220.319	18.1146	0.243461	0.0181157	1002.11	45.0329	
1.03-1.46	10.0-30.0	0.0-100.0	0.000-1.571	0.0-350.0	0.0-20.0	0.008	0.056	954.0	948.0	783.591	28.1977	170.403	16.5544	-1.41539	0.460769	-0.05	0.0	0.759968	0.271791	3.09297	0.0013926	0.0338352	0.00679796	0.0578583	0.0391412	0.03	0.0	1.8	0.0	5.0	0.0	2.5	0.0	0.0409091	0.00787977	1.72644e-05	0.00459133	0.365937	0.0255668	0.0227001	0.0107579	0.00999679	0.0160368	-0.000478147	0.000684241	4.0	0.640707	0.91484	0.023707	0.962825	0.691384	0.621212	0.154928	0.0100039	0.13308	0.0296916	0.0780365	0.412765	0.0594402	0.0210586	0.00807034	-1878.22	521.61	24.2695	261.98	18.0434	0.334333	0.0196335	1086.8	47.1114	
1.03-1.46	10.0-30.0	0.0-100.0	0.000-1.571	0.0-350.0	20.0-30.0	0.012	0.048	726.0	718.0	596.333	25.3842	129.761	13.3321	-1.52145	0.36995	-0.05	0.0	0.76	0.443255	3.09196	0.00168164	0.0377127	0.00226422	0.0396924	0.00696179	0.03	0.0	1.8	0.0	5.0	0.0	2.5	0.0	0.0381971	0.00129341	5.03413e-05	0.000577261	0.398251	0.0339594	0.138122	0.0784983	-0.00187142	0.00435414	-0.000307462	0.000798985	1.72509	0.225391	0.832853	0.0494644	0.999997	0.126254	0.613255	0.0850305	0.0102463	0.709551	0.0360639	0.413535	0.443838	0.0736231	0.0490556	0.0144601	-1498.13	416.318	22.2756	180.015	15.52	0.30187	0.0226323	1004.43	54.9133	
1.03-1.46	10.0-30.0	0.0-100.0	0.000-1.571	0.0-350.0	30.0-120.0	0.016	0.064	592.0	579.0	493.534	23.2615	98.4596	12.0833	-1.05298	0.414098	-0.05	0.0	0.686288	0.182775	3.09223	0.00180633	0.043975	0.00414949	0.0227472	0.00556953	0.03	0.0	1.8	0.0	5.0	0.0	2.5	0.0	0.0385937	0.00238945	4.38997e-05	0.00348272	0.399483	0.0341508	0.0247065	0.0124042	0.00999994	0.0153267	-0.00070749	0.000699808	3.3399	2.276	0.917651	0.0248319	0.911399	0.0671216	0.999995	1.17509	0.267004	0.0882299	0.0572533	0.0404033	0.340374	0.0580478	0.0574699	0.635246	-1198.42	329.173	19.6912	164.361	14.3891	0.333028	0.0245693	1047.32	95.3113	
1.03-1.46	5.0-6.5	0.0-100.0	0.000-1.571	0.0-350.0	0.0-20.0	0.024	0.136	1053.0	1006.0	753.038	30.347	299.992	21.6321	0.346584	0.227654	-0.05	0.0	0.112782	0.0912908	3.08744	0.00164115	0.0150324	0.00664052	0.0410462	0.00333407	0.03	0.0	1.8	0.0	5.0	0.0	2.5	0.0	0.0389905	0.00178164	8.53723e-05	0.00300815	0.418612	0.0421127	0.160341	0.074455	-3.83887e-05	0.00838519	-0.0032538	0.00201243	1.71095	0.243388	0.793978	0.0419575	0.809426	0.100928	0.400804	0.0946523	0.0100192	0.638723	0.286364	0.133098	0.389706	0.0681878	0.0528598	0.015001	-1567.68	593.872	29.1735	159.166	17.8735	0.211365	0.0221542	999.348	56.0558	
1.03-1.46	5.0-6.5	0.0-100.0	0.000-1.571	0.0-350.0	20.0-30.0	0.024	0.136	1027.0	989.0	688.235	29.4576	338.805	22.7669	0.999623	0.165466	-0.05	0.0	0.201542	0.140918	3.09177	0.00166916	0.0195711	0.00596451	0.0430073	0.00441157	0.03	0.0	1.8	0.0	5.0	0.0	2.5	0.0	0.0394214	0.00234494	8.53723e-05	0.00300815	0.341208	0.0424071	0.160341	0.074455	-3.83887e-05	0.00838519	-0.0032538	0.00201243	1.88228	0.220661	0.793978	0.0419575	0.999151	0.604343	0.281846	0.154288	0.690911	0.0688294	0.344195	0.190207	0.366831	0.13437	0.21524	0.068935	-1616.67	561.352	29.4085	126.883	17.8063	0.18436	0.0246397	1047.57	62.1844	
1.03-1.46	5.0-6.5	0.0-100.0	0.000-1.571	0.0-350.0	30.0-120.0	0.024	0.128	933.0	885.0	548.824	28.0908	384.149	24.9884	0.495241	0.20106	-0.05	0.0	0.407953	0.192993	3.08837	0.00203593	0.0245482	0.00520464	0.0524801	0.00883298	0.03	0.0	1.8	0.0	5.0	0.0	2.5	0.0	0.0433178	0.00401747	7.63987e-05	0.000214106	0.352736	0.0560515	0.156669	0.0732206	6.28942e-05	0.0142528	-0.00326055	0.00200727	1.45777	0.261592	0.798162	0.0415193	0.555949	0.166186	0.455058	0.245762	0.467753	0.142633	0.169403	0.0679713	0.537973	0.161742	0.0934535	0.0617715	-1300.34	466.641	27.8209	82.1828	14.8739	0.149743	0.025995	932.839	45.8525	
1.03-1.46	6.5-10.0	0.0-100.0	0.000-1.571	0.0-350.0	0.0-20.0	0.016	0.088	2077.0	2047.0	1702.79	44.1783	374.199	24.9593	-0.985093	0.213006	-0.05	0.0	0.622304	0.180663	3.09137	0.00102577	0.0437633	0.00292811	0.0277775	0.00423814	0.03	0.0	1.8	0.0	5.0	0.0	2.5	0.0	0.0385134	0.00178991	1.0396e-05	0.00459449	0.357887	0.0219326	0.144896	0.0904224	-0.00451149	0.00509849	0.00136605	0.00102284	1.49129	0.164222	0.852939	0.0369775	0.76319	0.10248	0.940943	0.0415054	0.252461	0.105842	0.0338794	0.0162428	0.384715	0.0415532	0.373435	0.246776	-4247.21	1293.55	41.0704	409.236	25.9458	0.240333	0.013903	971.768	41.6857	
1.03-1.46	6.5-10.0	0.0-100.0	0.000-1.571	0.0-350.0	20.0-30.0	0.016	0.096	1719.0	1691.0	1390.05	40.1958	328.953	23.5499	-0.768687	0.226593	-0.05	0.0	0.467833	0.214151	3.09231	0.00117297	0.0301682	0.00412483	0.0480222	0.00573987	0.03	0.0	1.8	0.0	5.0	0.0	2.5	0.0	0.0406575	0.0026732	1.05482e-05	0.00459442	0.379028	0.02784	0.158213	0.0984292	-0.0041865	0.0048649	0.00141393	0.00105052	1.70649	0.148815	0.852215	0.0393322	0.999988	4.06858	0.700778	0.131662	0.429076	0.0322702	0.229058	1.63288	0.479862	0.0375278	0.158595	0.0400911	-3490.07	1107.33	37.7649	282.718	21.6267	0.203387	0.0144037	1035.42	57.1018	
1.03-1.46	6.5-10.0	0.0-100.0	0.000-1.571	0.0-350.0	30.0-120.0	0.016	0.112	1471.0	1455.0	1148.93	36.9538	321.992	23.211	-0.739389	0.230611	-0.05	0.0	0.477945	0.313248	3.09076	0.00122587	0.0287919	0.00534781	0.0449404	0.00830212	0.03	0.0	1.8	0.0	5.0	0.0	2.5	0.0	0.0380863	0.00366957	1.0016e-05	0.00459467	0.351904	0.0286015	0.17042	0.104243	-0.00348809	0.0046124	0.00143146	0.00106235	1.9052	0.161487	0.851247	0.0410821	1.0	1.08577	0.819098	0.0956563	0.527102	0.0546803	0.0136994	0.289736	0.393785	0.0538901	0.166403	0.0795017	-2957.41	917.253	34.7118	231.674	19.7496	0.201644	0.0159192	1104.41	73.7261	
