../pPb_ethf
rap	pT	cent	dPhi	ntrk	Et	ctauErrMin	ctauErrMax	NoCutEntry	CutEntry	NSig	NSigErr	NBkg	NBkgErr	coefExp	coefExpErr	coefPol1	coefPol1Err	coeffGaus	coeffGausErr	meanSig1	meanSig1Err	sigmaSig1	sigmaSig1Err	sigmaSig2	sigmaSig2Err	sigmaSig3	sigmaSig3Err	alpha	alphaErr	enne	enneErr	enneW	enneWErr	sigWidth	sigWidthErr	Gmc	GmcErr	bTau	bTauErr	fracRes	fracResErr	meanResSigW	meanResSigWErr	meanResSigN	meanResSigNErr	sigmaResSigW	sigmaResSigWErr	sigmaResSigN	sigmaResSigNErr	fpm	fpmErr	fLiving	fLivingErr	fbkgCtTot	fbkgCtTotErr	lambdam	lambdamErr	lambdap	lambdapErr	lambdasym	lambdasymErr	NLL	PROMPT	PROMPTErr	NON-PROMPT	NON-PROMPTErr	Bfraction	BfractionErr	Resolution	ResolutionErr	
-0.43-0.47	10.0-30.0	0.0-100.0	0.000-1.571	0.0-350.0	0.0-20.0	0.008	0.04	1475.0	1465.0	1226.86	36.0813	248.187	17.9781	-1.73751	0.269232	-0.05	0.0	0.0827199	0.0751698	3.09443	0.00063838	0.01	0.010045	0.0211811	0.00104269	0.03	0.0	1.8	0.0	5.0	0.0	2.5	0.0	0.020489	0.000622714	1.0324e-05	0.00459453	0.397287	0.0209289	0.0836743	0.237253	0.00406535	0.015142	-0.000679036	0.000664019	2.07048	0.267141	0.919294	0.0693345	0.926603	0.0566386	0.941252	0.045981	0.177192	0.0661735	0.0340071	0.0305553	0.316778	0.0358671	0.364882	0.294683	-3491.57	783.518	30.3698	443.341	23.6929	0.361363	0.0161246	1064.47	194.949	
-0.43-0.47	10.0-30.0	0.0-100.0	0.000-1.571	0.0-350.0	20.0-30.0	0.008	0.048	1100.0	1100.0	896.185	30.9122	203.858	16.2248	-1.45717	0.290165	-0.05	0.0	0.401495	0.246516	3.09197	0.000738299	0.0145768	0.00239251	0.024269	0.00386728	0.03	0.0	1.8	0.0	5.0	0.0	2.5	0.0	0.0209242	0.00177297	9.67789e-05	0.000683343	0.390584	0.0257037	0.134987	0.431282	0.0021886	0.0110164	-0.000669373	0.000746485	1.86686	0.215504	0.899867	0.19675	0.924956	0.193794	0.864066	0.213625	0.0100303	0.641969	0.00704944	0.0179963	0.354749	0.0395793	0.0123928	0.0136325	-2633.99	601.077	26.6244	295.108	19.5606	0.329294	0.0186382	1082.08	276.953	
-0.43-0.47	10.0-30.0	0.0-100.0	0.000-1.571	0.0-350.0	30.0-120.0	0.008	0.048	873.0	873.0	706.621	27.6665	166.41	15.0076	-1.04456	0.311988	-0.05	0.0	0.444186	0.171615	3.0929	0.000898655	0.0300236	0.00362644	0.0154729	0.00238043	0.03	0.0	1.8	0.0	5.0	0.0	2.5	0.0	0.0230969	0.00167472	9.67789e-05	0.000683343	0.34189	0.0246174	0.134987	0.431282	0.0021886	0.0110164	-0.000669373	0.000746485	1.4874	0.213609	0.899867	0.19675	0.981634	0.826649	0.822805	0.309284	0.231533	0.0714098	0.104273	0.150037	0.386048	0.0704025	0.110345	0.0539502	-2055.9	453.779	23.305	252.842	18.0406	0.357818	0.0213435	999.546	170.94	
-0.43-0.47	5.0-6.5	0.0-100.0	0.000-1.571	0.0-350.0	0.0-20.0	0.024	0.04	11.0	10.0	8.91859	3.08577	2.08177	1.63877	0.895731	3.6551	-0.05	0.0	0.359627	0.639695	3.10329	0.00616985	0.01	0.00967122	0.0249284	0.0101176	0.03	0.0	1.8	0.0	5.0	0.0	2.5	0.0	0.0208305	0.00563492	0.00570979	0.0165067	0.0123526	0.00915428	0.00850123	0.111603	0.0	0.00841471	0.0	0.00841471	1.00023	2.07442	0.8	0.206117	0.9	0.252441	0.707205	0.252441	0.29	0.375187	0.05	0.119743	0.42	0.389811	0.1	0.251176	-36.8118	0.000158957	7.89502	8.91843	8.47661	0.999982	0.885232	801.913	103.295	
-0.43-0.47	5.0-6.5	0.0-100.0	0.000-1.571	0.0-350.0	20.0-30.0	0.024	0.048	17.0	17.0	13.6016	3.83104	3.40001	2.11458	0.999868	0.754958	-0.05	0.0	0.895935	0.12198	3.09611	0.00485568	0.0143595	0.00500945	0.0464349	0.0317451	0.03	0.0	1.8	0.0	5.0	0.0	2.5	0.0	0.0202268	0.00505575	0.00540039	0.0142304	0.0279281	0.0225701	0.00850123	0.111603	0.0	0.00841471	0.0	0.00841471	1.60925	1.90301	0.8	0.206117	0.9	0.252441	0.707205	0.252441	0.29	0.375187	0.05	0.119743	0.42	0.389811	0.1	0.251176	-53.1226	5.49839	10.1275	8.10319	10.2654	0.595753	0.735829	810.293	122.24	
-0.43-0.47	5.0-6.5	0.0-100.0	0.000-1.571	0.0-350.0	30.0-120.0	0.024	0.048	9.0	9.0	7.47675	2.85956	1.53024	1.4921	0.999997	3.50824	-0.05	0.0	0.136741	0.749235	3.07579	0.0102589	0.0100001	0.0170448	0.0301338	0.0139739	0.03	0.0	1.8	0.0	5.0	0.0	2.5	0.0	0.028241	0.00838526	0.00540039	0.0142304	0.371942	0.330654	0.00850123	0.111603	0.0	0.00841471	0.0	0.00841471	1.45617	2.38136	0.8	0.206117	0.9	0.252441	0.707205	0.252441	0.29	0.375187	0.05	0.119743	0.42	0.389811	0.1	0.251176	-21.002	6.10061	2.67036	1.37614	1.40135	0.184056	0.173707	807.828	114.836	
-0.43-0.47	6.5-10.0	0.0-100.0	0.000-1.571	0.0-350.0	0.0-20.0	0.016	0.056	1353.0	1350.0	1141.3	34.7379	211.697	16.6476	-0.96635	0.274973	-0.05	0.0	0.395579	0.229113	3.09397	0.000645198	0.0152933	0.00215112	0.0228416	0.0026945	0.03	0.0	1.8	0.0	5.0	0.0	2.5	0.0	0.0201958	0.00127221	2.67632e-05	0.000856278	0.387795	0.0264023	0.0837629	0.0810683	0.00999985	0.0198154	-0.000458021	0.000993192	1.44966	0.195661	0.927758	0.0331935	1.0	1.72615	0.661757	0.0820872	0.236459	0.0595931	0.183897	0.876261	0.514068	0.0670535	0.123407	0.0310349	-3549.62	858.28	31.4499	283.025	19.5159	0.247983	0.0153437	982.175	31.7515	
-0.43-0.47	6.5-10.0	0.0-100.0	0.000-1.571	0.0-350.0	20.0-30.0	0.016	0.056	1019.0	1017.0	851.627	30.1003	167.406	14.8932	-0.914702	0.307668	-0.05	0.0	0.225138	0.104895	3.09316	0.000758778	0.0329234	0.00436609	0.0170416	0.00131342	0.03	0.0	1.8	0.0	5.0	0.0	2.5	0.0	0.021658	0.00128128	2.67632e-05	0.000856278	0.387481	0.0292813	0.0837629	0.0810683	0.00999985	0.0198154	-0.000458021	0.000993192	1.95609	0.311801	0.927758	0.0331935	0.830032	0.0816578	0.999994	8.25923	0.265504	0.0465103	0.187239	0.0364619	0.473204	0.0596525	0.179124	14.4758	-2522.64	626.173	26.9008	225.454	17.2435	0.264733	0.017956	1053.16	63.4405	
-0.43-0.47	6.5-10.0	0.0-100.0	0.000-1.571	0.0-350.0	30.0-120.0	0.016	0.056	868.0	868.0	734.555	28.2888	133.482	14.1133	-1.18388	0.358816	-0.05	0.0	0.12476	0.0553104	3.09422	0.000816621	0.0491921	0.0113666	0.0181254	0.00102487	0.03	0.0	1.8	0.0	5.0	0.0	2.5	0.0	0.0242785	0.00189599	2.67632e-05	0.000856278	0.349446	0.0323756	0.0837629	0.0810683	0.00999985	0.0198154	-0.000458021	0.000993192	2.26908	0.342923	0.927758	0.0331935	0.813216	0.0684807	0.999993	0.676349	0.245146	0.0760045	0.100139	0.0386305	0.38344	0.0583075	0.149744	0.93408	-2267.19	576.129	26.065	158.426	14.9773	0.215677	0.0186212	1104.49	84.9982	
-1.03--0.43	10.0-30.0	0.0-100.0	0.000-1.571	0.0-350.0	0.0-20.0	0.008	0.048	970.0	969.0	823.711	29.9087	146.149	14.7349	-2.34357	0.396394	-0.05	0.0	0.365612	0.228322	3.09468	0.00103447	0.017045	0.00472203	0.0346507	0.00569956	0.03	0.0	1.8	0.0	5.0	0.0	2.5	0.0	0.0294603	0.00280724	7.33621e-05	0.0130024	0.343037	0.0229092	0.0340178	0.0194191	0.00999999	0.0149369	1.14664e-05	0.000589789	2.40703	0.636078	0.918808	0.0228331	0.883538	0.113765	0.957945	0.0462226	0.0952847	0.116135	0.0161291	0.0153321	0.507929	0.0631689	0.133318	0.126843	-2189.67	540.17	25.1001	283.541	18.7436	0.344224	0.0190152	1006.27	36.6246	
-1.03--0.43	10.0-30.0	0.0-100.0	0.000-1.571	0.0-350.0	20.0-30.0	0.008	0.048	757.0	757.0	639.837	26.6713	117.104	13.7352	-1.65171	0.399854	-0.05	0.0	0.876088	0.0502402	3.09425	0.00114274	0.0247048	0.00122043	0.0597049	0.0494251	0.03	0.0	1.8	0.0	5.0	0.0	2.5	0.0	0.0312475	0.00598519	7.33621e-05	0.0130024	0.370327	0.0292033	0.0340178	0.0194191	0.00999999	0.0149369	1.14664e-05	0.000589789	2.4372	0.720204	0.918808	0.0228331	0.916048	0.0529807	0.999901	0.951668	0.260172	0.0692262	0.12556	0.0752819	0.454754	0.0699978	0.143631	0.684071	-1812.76	440.929	22.7667	198.908	15.7876	0.310873	0.0209977	1008.74	39.728	
-1.03--0.43	10.0-30.0	0.0-100.0	0.000-1.571	0.0-350.0	30.0-120.0	0.012	0.04	594.0	592.0	502.314	22.9203	91.6688	10.71	-1.79236	0.444161	-0.05	0.0	0.929993	0.103613	3.09314	0.00137373	0.030326	0.0014931	0.01	0.00442045	0.03	0.0	1.8	0.0	5.0	0.0	2.5	0.0	0.0293647	0.00101965	8.14144e-05	0.00138251	0.391902	0.0343176	0.0332611	0.0193112	0.01	0.0147349	-2.36472e-05	0.000592692	2.58054	0.719669	0.919993	0.0232198	0.999999	0.852156	0.679015	0.0908243	0.0100002	0.177502	0.0206979	4.75055e-05	0.467315	0.0876706	0.0372463	0.0160888	-1398.56	338.88	19.6004	163.434	14.1664	0.325362	0.0239784	1019.67	42.1596	
-1.03--0.43	5.0-6.5	0.0-100.0	0.000-1.571	0.0-350.0	0.0-20.0	0.024	0.064	69.0	65.0	58.3395	10.0664	10.6806	7.32643	1.0	0.561588	-0.05	0.0	0.102764	0.145379	3.08991	0.00360965	0.149998	0.110723	0.0229106	0.00284816	0.03	0.0	1.8	0.0	5.0	0.0	2.5	0.0	0.0527548	0.0221621	6.22005e-05	0.00457068	0.394526	0.140281	0.323222	0.333191	-0.00999763	0.0146766	0.00999657	0.0148565	1.0	0.190308	0.762356	0.141359	0.9	0.252441	0.707205	0.252441	0.29	0.375187	0.05	0.119743	0.42	0.389811	0.1	0.251176	-166.261	47.5954	9.02125	10.7441	4.16829	0.184165	0.0639934	846.497	69.8172	
-1.03--0.43	5.0-6.5	0.0-100.0	0.000-1.571	0.0-350.0	20.0-30.0	0.024	0.072	78.0	75.0	52.8069	8.30024	25.188	6.42308	0.591174	0.726591	-0.05	0.0	0.22687	0.202586	3.09155	0.00457466	0.071802	0.0271492	0.0233435	0.00548569	0.03	0.0	1.8	0.0	5.0	0.0	2.5	0.0	0.0398865	0.00815776	6.43081e-05	0.00456971	0.897524	0.862856	0.331173	0.329215	-0.00999965	0.0188553	0.00999969	0.019816	1.5528	0.423815	0.720868	0.127752	0.58832	0.633608	1.0	7.52481	0.464049	0.58471	0.0990333	0.194576	0.275682	0.178877	0.265944	0.633576	-137.549	47.7768	7.99104	5.03006	2.84388	0.0952538	0.0517313	1070.55	179.823	
-1.03--0.43	5.0-6.5	0.0-100.0	0.000-1.571	0.0-350.0	30.0-120.0	0.024	0.072	69.0	62.0	42.2109	6.97611	26.7884	5.76536	1.0	0.40231	-0.05	0.0	0.760908	0.172626	3.08343	0.00389271	0.0316322	0.00631649	0.01	0.00429065	0.03	0.0	1.8	0.0	5.0	0.0	2.5	0.0	0.0280226	0.00305218	6.43081e-05	0.00456971	0.437323	0.136136	0.331173	0.329215	-0.00999965	0.0188553	0.00999969	0.019816	1.0	0.12743	0.720868	0.127752	0.998655	2.82672	0.0740031	0.248169	0.0100376	0.726647	0.0178638	1.6932	0.705558	0.405728	0.0170049	0.00652822	-128.515	28.5046	5.98311	13.7063	4.32855	0.32471	0.0873829	823.85	66.0013	
-1.03--0.43	6.5-10.0	0.0-100.0	0.000-1.571	0.0-350.0	0.0-20.0	0.016	0.056	1155.0	1152.0	997.984	33.3592	156.959	16.489	-1.1008	0.334898	-0.05	0.0	0.742652	0.0428642	3.09155	0.000993633	0.0235661	0.00124079	0.0599998	0.010711	0.03	0.0	1.8	0.0	5.0	0.0	2.5	0.0	0.0365908	0.00244754	1.08476e-05	0.00459428	0.412169	0.0306082	0.108098	0.0750817	0.00999994	0.0134787	-0.00251304	0.0012555	1.25919	0.29093	0.909189	0.0347875	0.943914	0.0420764	0.776737	0.122354	0.0108716	0.909399	0.190594	0.121702	0.457506	0.0608737	0.0278768	0.0189577	-2666.81	747.84	30.2137	250.144	18.918	0.250649	0.0170042	953.239	29.5588	
-1.03--0.43	6.5-10.0	0.0-100.0	0.000-1.571	0.0-350.0	20.0-30.0	0.016	0.056	922.0	916.0	762.538	28.8353	159.51	15.1162	-0.860899	0.303223	-0.05	0.0	0.0700009	0.529162	3.09188	0.00118794	0.0109428	0.00316772	0.0301244	0.00114827	0.03	0.0	1.8	0.0	5.0	0.0	2.5	0.0	0.0291948	0.00361197	1.08476e-05	0.00459428	0.453869	0.0430069	0.108098	0.0750817	0.00203182	0.0139832	-0.00251304	0.0012555	1.43606	0.20902	0.909189	0.0347875	1.0	13.9756	0.694087	0.17185	0.405463	0.121383	0.0797476	0.472495	0.484244	0.108651	0.103165	0.0607049	-2142.58	600.374	27.993	162.164	17.4866	0.212664	0.0214758	979.896	32.2731	
-1.03--0.43	6.5-10.0	0.0-100.0	0.000-1.571	0.0-350.0	30.0-120.0	0.016	0.073	745.0	744.0	622.377	26.0339	122.624	13.3426	-0.588708	0.35958	-0.05	0.0	0.234077	0.266642	3.09318	0.00130309	0.0192581	0.00421572	0.0310121	0.00494022	0.03	0.0	1.8	0.0	5.0	0.0	2.5	0.0	0.0286957	0.00248481	1.80979e-05	0.0119614	0.310076	0.0316016	0.0962072	0.0755576	0.00999999	0.012624	-0.0022326	0.00124267	1.77701	0.481482	0.915757	0.0336105	0.999993	0.648939	0.624332	0.1469	0.16414	0.147522	0.109321	0.386319	0.43021	0.0815788	0.0819819	0.04005	-1767.77	471.765	24.2389	150.612	15.4204	0.241994	0.0226145	1030.4	59.8763	
-1.46--1.03	10.0-30.0	0.0-100.0	0.000-1.571	0.0-350.0	0.0-20.0	0.013	0.04	633.0	609.0	537.89	24.5913	95.1193	12.7277	-1.78848	0.469782	-0.05	0.0	0.549248	0.244442	3.09061	0.00175299	0.0268437	0.00445465	0.0523378	0.0104538	0.03	0.0	1.8	0.0	5.0	0.0	2.5	0.0	0.0403795	0.00439549	3.99804e-05	0.000963607	0.390341	0.0297573	0.230151	0.162685	-0.00999994	0.0129085	0.000188229	0.00257814	1.44665	0.1877	0.937213	0.0399192	0.980285	0.964071	0.996194	0.626805	0.128878	0.0636783	0.537022	0.528674	0.377153	0.0741167	0.510237	3.04398	-1169.76	312.83	20.133	225.059	17.5117	0.418411	0.0263439	1076.04	55.9406	
-1.46--1.03	10.0-30.0	0.0-100.0	0.000-1.571	0.0-350.0	20.0-30.0	0.013	0.056	505.0	500.0	439.45	21.8752	65.5564	10.2294	-1.00001	0.508325	-0.05	0.0	0.113052	0.160982	3.094	0.00216165	0.0181883	0.0131256	0.0411354	0.00426387	0.03	0.0	1.8	0.0	5.0	0.0	2.5	0.0	0.0392202	0.0024501	4.33769e-05	0.000397011	0.387249	0.0370145	0.20607	0.159013	-0.00999998	0.0130786	7.07201e-05	0.00240761	1.03667	0.170621	0.941814	0.0361208	1.0	3.10835	0.876322	0.142534	0.155711	0.110385	0.148075	0.812893	0.445442	0.0906422	0.0702627	0.0665393	-1060.54	290.488	18.7521	148.962	14.0546	0.338974	0.0271688	962.126	24.818	
-1.46--1.03	10.0-30.0	0.0-100.0	0.000-1.571	0.0-350.0	30.0-120.0	0.016	0.056	381.0	375.0	322.359	19.6514	58.6428	11.066	-1.91183	0.629393	-0.05	0.0	0.228335	0.123781	3.08723	0.00266472	0.0168697	0.00564145	0.0524778	0.00765246	0.03	0.0	1.8	0.0	5.0	0.0	2.5	0.0	0.0467984	0.00369893	2.70372e-05	0.0219036	0.271898	0.0376591	0.399789	1.69519	0.00228103	0.0202418	-0.00492618	0.0307096	1.26325	0.139668	0.913308	0.148081	0.706783	0.081518	1.0	0.0269807	0.0100028	0.142403	0.0228723	0.0112973	0.424367	0.0818058	0.601131	0.411697	-802.685	235.883	17.6604	86.4769	11.5285	0.268262	0.0318049	1067.07	306.672	
-1.46--1.03	5.0-6.5	0.0-100.0	0.000-1.571	0.0-350.0	0.0-20.0	0.032	0.136	746.0	719.0	536.991	25.9178	209.104	18.5402	0.115622	0.273069	-0.05	0.0	0.618131	0.205826	3.09061	0.00175866	0.0280231	0.00401264	0.054258	0.0113073	0.03	0.0	1.8	0.0	5.0	0.0	2.5	0.0	0.04012	0.00411588	2.95179e-05	0.0045857	0.365017	0.0511784	0.0358319	0.0201519	-0.00312145	0.0151614	0.00293317	0.00190263	2.68997	0.97161	0.938165	0.0297565	0.756395	0.10653	0.406214	0.0826052	0.0100049	0.703443	0.193959	0.0837899	0.508544	0.0989811	0.0261459	0.0118602	-1216.34	445.997	25.0804	90.9935	13.5995	0.169451	0.0239685	1052.56	55.3894	
-1.46--1.03	5.0-6.5	0.0-100.0	0.000-1.571	0.0-350.0	20.0-30.0	0.032	0.112	663.0	615.0	443.226	23.5084	219.766	18.1432	0.746647	0.263091	-0.05	0.0	0.929997	0.550883	3.09023	0.00215521	0.0381593	0.00259897	0.0599831	0.0436213	0.03	0.0	1.8	0.0	5.0	0.0	2.5	0.0	0.0400758	0.00779248	4.51031e-05	0.0101346	0.343033	0.0520074	0.0907954	0.076247	-0.00999994	0.0173071	0.00230788	0.00203201	1.74008	0.380774	0.911033	0.0466903	0.631056	0.157013	0.882921	0.119547	0.380307	0.150603	0.058999	0.0302601	0.362441	0.0828966	0.382625	0.310398	-966.259	355.519	22.7518	87.7075	13.5543	0.197884	0.0287235	1014.66	54.2854	
-1.46--1.03	5.0-6.5	0.0-100.0	0.000-1.571	0.0-350.0	30.0-120.0	0.024	0.128	655.0	629.0	357.068	21.6464	297.85	20.2326	0.910314	0.223325	-0.05	0.0	0.929985	0.543888	3.0894	0.00255776	0.0414893	0.00330955	0.0187533	0.0133367	0.03	0.0	1.8	0.0	5.0	0.0	2.5	0.0	0.040317	0.00488808	3.15791e-05	0.00458475	0.29207	0.0492983	0.051457	0.0348894	0.00999895	0.00997153	0.00265463	0.00191778	1.00001	0.438596	0.927	0.0351252	0.50967	0.115434	0.387093	0.0978302	0.0100049	0.729038	0.133064	0.0434009	0.617267	0.12786	0.027633	0.0128047	-838.087	292.419	20.6598	64.6499	11.311	0.181057	0.0297149	930.896	20.5885	
-1.46--1.03	6.5-10.0	0.0-100.0	0.000-1.571	0.0-350.0	0.0-20.0	0.016	0.105	1477.0	1459.0	1220.78	37.0114	256.172	20.1347	-0.926251	0.255579	-0.05	0.0	0.129349	0.0812424	3.09135	0.00123521	0.0200848	0.00515956	0.0412258	0.0021517	0.03	0.0	1.8	0.0	5.0	0.0	2.5	0.0	0.0391396	0.0012063	1.2102e-05	0.00459371	0.372413	0.0267419	0.0523794	0.0178733	0.00715952	0.0164614	-0.000918583	0.000793217	3.38822	0.475076	0.887903	0.0187392	0.951823	0.103599	0.517532	0.141779	0.154801	0.173325	0.142537	0.170432	0.441928	0.0650962	0.0494562	0.0230446	-2864.47	934.803	34.1719	285.981	20.9684	0.23426	0.015639	1161.2	55.2877	
-1.46--1.03	6.5-10.0	0.0-100.0	0.000-1.571	0.0-350.0	20.0-30.0	0.016	0.096	1194.0	1173.0	945.095	33.7723	248.867	21.0769	-0.643759	0.262295	-0.05	0.0	0.633004	0.300771	3.09048	0.00141027	0.0335726	0.00388382	0.0493503	0.0114859	0.03	0.0	1.8	0.0	5.0	0.0	2.5	0.0	0.0400908	0.00371646	1.48187e-05	0.00459246	0.373314	0.0323798	0.0547647	0.0206758	0.0088018	0.0184149	-0.000954118	0.00080079	2.31796	0.688095	0.886195	0.0196599	0.999985	49.0482	0.361551	0.32335	0.171444	0.777888	0.013546	22.8362	0.352461	0.108959	0.0669861	0.0196387	-2395.37	750.225	31.4586	194.87	17.8724	0.206191	0.0174163	1018.13	49.4773	
-1.46--1.03	6.5-10.0	0.0-100.0	0.000-1.571	0.0-350.0	30.0-120.0	0.016	0.096	1025.0	1012.0	809.419	30.4518	215.57	18.2622	-0.387277	0.270045	-0.05	0.0	0.0842458	0.052358	3.09045	0.00142044	0.0113587	0.00460829	0.0385347	0.00206478	0.03	0.0	1.8	0.0	5.0	0.0	2.5	0.0	0.0370228	0.0010962	1.48187e-05	0.00459246	0.347756	0.0296214	0.0547647	0.0206758	0.0088018	0.0184149	-0.000954118	0.00080079	1.10219	0.328483	0.886195	0.0196599	0.568644	0.0885349	0.985987	0.014144	0.271142	0.120673	0.0567173	0.0157215	0.206338	0.0345304	4.99793	2.51648	-2153.14	623.328	27.8569	186.091	16.5857	0.229907	0.0185758	899.368	14.5404	
0.47-1.37	10.0-30.0	0.0-100.0	0.000-1.571	0.0-350.0	0.0-20.0	0.008	0.048	1600.0	1595.0	1304.66	38.2265	295.356	21.2597	-1.39043	0.250989	-0.05	0.0	0.463952	0.272607	3.09297	0.00100536	0.0254407	0.00346546	0.0392748	0.00674895	0.03	0.0	1.8	0.0	5.0	0.0	2.5	0.0	0.033573	0.00285514	3.70276e-05	0.000283931	0.350855	0.0182387	0.377991	0.387653	-4.58799e-05	0.001752	0.00113446	0.0009138	1.31354	0.0826199	0.814863	0.0868971	0.924184	0.767405	0.852789	0.199153	0.119713	0.520998	0.01042	0.296139	0.477232	0.0456156	0.0246023	0.0196616	-3120.77	780.76	31.3964	523.898	26.4204	0.401559	0.0164823	1032.08	103.842	
0.47-1.37	10.0-30.0	0.0-100.0	0.000-1.571	0.0-350.0	20.0-30.0	0.008	0.048	1182.0	1180.0	974.089	32.7854	207.877	17.5679	-1.23737	0.286712	-0.05	0.0	0.194808	0.112916	3.09483	0.0011417	0.0156922	0.00402379	0.0356181	0.00289852	0.03	0.0	1.8	0.0	5.0	0.0	2.5	0.0	0.0327029	0.00155871	3.70276e-05	0.000283931	0.406796	0.0256733	0.377991	0.387653	-4.58799e-05	0.001752	0.00113446	0.0009138	1.43222	0.0966328	0.814863	0.0868971	0.999201	0.793271	0.881201	0.777707	0.175156	0.0831343	0.0642638	0.291841	0.402701	0.0588267	0.0590447	0.0355193	-2389.88	635.4	27.9206	338.689	21.2638	0.347698	0.0184274	1090.12	127.254	
0.47-1.37	10.0-30.0	0.0-100.0	0.000-1.571	0.0-350.0	30.0-120.0	0.008	0.048	874.0	867.0	710.721	27.8262	163.294	15.0637	-0.803241	0.313213	-0.05	0.0	0.0782721	0.643896	3.09559	0.00124504	0.014447	0.00796552	0.0310887	0.00213563	0.03	0.0	1.8	0.0	5.0	0.0	2.5	0.0	0.0301197	0.00417816	3.70276e-05	0.000283931	0.354046	0.0279017	0.377991	0.387653	-4.58799e-05	0.001752	0.00113446	0.0009138	1.3479	0.102468	0.814863	0.0868971	0.930457	0.0717311	0.92693	0.21172	0.0778391	0.1762	0.0545682	0.0372753	0.419723	0.050612	0.0184499	0.0376408	-1874.52	487.363	24.4427	223.358	17.6018	0.31427	0.0214933	1048.7	111.404	
0.47-1.37	5.0-6.5	0.0-100.0	0.000-1.571	0.0-350.0	0.0-20.0	0.032	0.128	552.0	537.0	420.841	22.7888	131.141	15.1507	0.786238	0.349327	-0.05	0.0	0.71346	0.300284	3.09176	0.00206564	0.0306715	0.00615408	0.0522278	0.0136884	0.03	0.0	1.8	0.0	5.0	0.0	2.5	0.0	0.0381155	0.00476759	5.9362e-05	0.00457198	0.439967	0.0642756	0.229996	0.160027	0.0054453	0.0122632	0.00271262	0.00262691	1.64377	0.216066	0.751782	0.0681849	0.406143	0.173393	0.353459	0.206378	0.0100001	0.702334	0.155339	0.0723461	0.419375	0.179827	0.0617166	0.0212551	-987.091	350.129	21.8181	70.7127	11.4552	0.168027	0.025654	1027.92	94.1464	
0.47-1.37	5.0-6.5	0.0-100.0	0.000-1.571	0.0-350.0	20.0-30.0	0.024	0.105	508.0	474.0	353.568	20.9582	154.476	15.4937	0.999999	0.307977	-0.05	0.0	0.257342	0.128042	3.08997	0.00236721	0.0189631	0.00540764	0.0483177	0.00521867	0.03	0.0	1.8	0.0	5.0	0.0	2.5	0.0	0.0427358	0.00266159	0.000111714	0.112437	0.511446	0.0811657	0.249215	0.146636	0.0039627	0.00705021	0.00302677	0.00261159	1.41901	0.145985	0.72858	0.0638621	0.00339993	0.228286	6.09559e-07	0.0678012	0.50718	0.101424	0.370111	0.366157	0.194184	0.286824	0.226699	0.0446851	-794.49	296.408	19.8991	57.1599	9.93739	0.161666	0.0264219	948.87	66.034	
0.47-1.37	5.0-6.5	0.0-100.0	0.000-1.571	0.0-350.0	30.0-120.0	0.032	0.112	446.0	408.0	271.323	18.7057	174.68	15.9138	0.688941	0.296005	-0.05	0.0	0.0700046	0.60724	3.09193	0.00266409	0.0198496	0.0119565	0.0358705	0.00290254	0.03	0.0	1.8	0.0	5.0	0.0	2.5	0.0	0.0349885	0.0041198	0.000165963	0.00116051	0.597431	0.0995471	0.247602	0.150011	0.004077	0.00708693	0.00324771	0.00263472	1.56109	0.283755	0.731854	0.0650906	0.592953	0.121064	0.404671	0.129725	0.01001	0.886981	0.27157	0.0953955	0.153069	0.0571563	0.0201773	0.0153832	-599.991	221.373	17.4508	49.9507	9.13576	0.1841	0.0311873	1003.19	91.432	
0.47-1.37	6.5-10.0	0.0-100.0	0.000-1.571	0.0-350.0	0.0-20.0	0.016	0.08	2535.0	2513.0	2106.61	48.1625	428.443	25.3252	-0.615945	0.19354	-0.05	0.0	0.1149	0.105841	3.09354	0.000796425	0.0177309	0.00586023	0.0343081	0.00198028	0.03	0.0	1.8	0.0	5.0	0.0	2.5	0.0	0.0328318	0.00116408	1.44248e-05	0.00459264	0.35136	0.0180891	0.0398525	0.0165771	0.00162953	0.00728159	0.000292526	0.000564242	2.66341	0.330851	0.896832	0.0160196	0.922225	0.0383668	0.566229	0.0521543	0.0100807	0.612001	0.193456	0.0797899	0.356068	0.0349611	0.026826	0.00710243	-5408.89	1569.97	43.8063	536.64	27.9494	0.25474	0.0119208	1027.11	31.3264	
0.47-1.37	6.5-10.0	0.0-100.0	0.000-1.571	0.0-350.0	20.0-30.0	0.016	0.105	1888.0	1884.0	1536.17	41.7803	351.714	23.6881	-1.11311	0.221555	-0.05	0.0	0.478264	0.224653	3.09246	0.00091789	0.0255435	0.00353944	0.0401841	0.00496878	0.03	0.0	1.8	0.0	5.0	0.0	2.5	0.0	0.0339784	0.00229884	1.44049e-05	0.00459265	0.315287	0.0205903	0.0396076	0.0148415	-0.00120001	0.00733177	0.000350893	0.000562416	2.09207	0.421208	0.898341	0.0153926	0.999989	0.667722	0.796672	0.0696439	0.319155	0.0490424	0.151355	0.210621	0.417017	0.0431871	0.152452	0.0508069	-4101.14	1163.65	38.398	372.512	23.9877	0.242495	0.0141542	973.862	23.5069	
0.47-1.37	6.5-10.0	0.0-100.0	0.000-1.571	0.0-350.0	30.0-120.0	0.016	0.088	1412.0	1400.0	1137.95	35.5378	274.048	19.9778	-0.600217	0.239398	-0.05	0.0	0.0700103	0.155719	3.09219	0.00104636	0.0206378	0.0133049	0.0317025	0.00145769	0.03	0.0	1.8	0.0	5.0	0.0	2.5	0.0	0.0310565	0.00104955	1.41642e-05	0.00459276	0.385959	0.0282006	0.0407373	0.0169295	0.00133565	0.00717726	0.000302417	0.000565399	2.08664	0.390176	0.897101	0.0161102	0.950092	0.0443788	0.616108	0.165607	0.130711	0.206821	0.183068	0.115686	0.397274	0.0537844	0.0390878	0.0246512	-3007.16	860.056	32.4533	277.895	20.177	0.244206	0.016007	974.36	24.041	
1.37-1.97	10.0-30.0	0.0-100.0	0.000-1.571	0.0-350.0	0.0-20.0	0.008	0.056	1263.0	1195.0	1019.63	34.0382	243.378	19.5546	-1.13315	0.266318	-0.05	0.0	0.07	0.0682226	3.09068	0.00144073	0.015136	0.00533791	0.0427969	0.0013762	0.03	0.0	1.8	0.0	5.0	0.0	2.5	0.0	0.0414657	0.000935593	2.36362e-05	0.0993387	0.390618	0.0222294	0.0149291	0.00540436	-0.0099909	0.0187757	0.000327566	0.000662505	4.0	0.431914	0.969435	0.0183814	0.894091	0.128501	0.864133	0.167525	0.0100229	0.635248	0.0266568	0.0208812	0.333259	0.0362112	0.0307735	0.0223912	-2081.84	607.086	28.3525	412.546	24.1415	0.404603	0.0194461	1079.18	23.758	
1.37-1.97	10.0-30.0	0.0-100.0	0.000-1.571	0.0-350.0	20.0-30.0	0.008	0.073	876.0	854.0	689.129	28.0574	186.877	16.8801	-1.26389	0.303632	-0.05	0.0	0.280003	0.298779	3.09167	0.00173979	0.0379106	0.00825216	0.04133	0.0039494	0.03	0.0	1.8	0.0	5.0	0.0	2.5	0.0	0.0404017	0.00188191	1.49723e-05	0.0119787	0.440458	0.0350935	0.0157492	0.00510699	-0.00999999	0.0184256	0.000279696	0.000655939	3.35294	0.926631	0.966004	0.0181295	0.999988	0.62738	0.886985	0.0780549	0.314559	0.0622993	0.15925	1.42905	0.476689	0.062837	0.115191	0.0802125	-1518.52	468.114	24.4346	221.016	17.7421	0.320717	0.0221885	1046.67	27.7908	
1.37-1.97	10.0-30.0	0.0-100.0	0.000-1.571	0.0-350.0	30.0-120.0	0.008	0.064	668.0	638.0	540.97	25.5441	127.026	15.441	-0.700955	0.358801	-0.05	0.0	0.747212	0.127187	3.09249	0.00197829	0.0368996	0.00301034	0.0599998	0.0342188	0.03	0.0	1.8	0.0	5.0	0.0	2.5	0.0	0.0439024	0.00620165	1.20934e-05	0.00459371	0.392266	0.0348939	0.0134089	0.00649921	-0.00942588	0.010284	0.000337536	0.000662132	4.0	1.88711	0.967819	0.0189635	0.935776	0.0500969	0.999995	0.802873	0.228398	0.0742177	0.130425	0.091368	0.335012	0.0504416	0.156204	0.918207	-1196.43	365.118	22.0	175.852	15.9911	0.325069	0.0252625	1067.08	53.3607	
1.37-1.97	5.0-6.5	0.0-100.0	0.000-1.571	0.0-350.0	0.0-20.0	0.032	0.176	3002.0	2959.0	2139.56	330.417	862.236	329.329	-0.956589	0.433903	-0.05	0.0	0.0701158	0.964017	3.08863	0.00189097	0.0683954	0.167701	0.043987	0.00194305	0.03	0.0	1.8	0.0	5.0	0.0	2.5	0.0	0.0461214	0.0167992	1.82733e-05	0.0144856	0.363457	0.0259976	0.206322	0.0601085	-0.0018771	0.00442777	-0.00186059	0.00124988	1.47619	0.088246	0.833157	0.0289344	1.0	0.833414	0.520294	0.0832563	0.544122	0.0477858	0.0114872	1.69005e-05	0.444349	0.05336	0.178852	0.0353488	-4314.58	1766.81	274.258	372.759	63.9021	0.174222	0.0129664	1000.27	27.7428	
1.37-1.97	5.0-6.5	0.0-100.0	0.000-1.571	0.0-350.0	20.0-30.0	0.032	0.209	2442.0	2437.0	1615.39	485.494	826.593	483.917	-0.874505	0.817122	-0.05	0.0	0.0700001	0.154083	3.09	0.00147831	0.135312	1.62439	0.0428591	0.00641429	0.03	0.0	1.8	0.0	5.0	0.0	2.5	0.0	0.0546807	0.141187	1.03568e-05	0.00459451	0.359178	0.0273929	0.208484	0.0616662	-0.00201174	0.00440254	-0.00186588	0.00125635	1.7047	0.108411	0.834015	0.0294377	0.998497	0.213012	0.423846	0.107141	0.668817	0.0460319	0.477319	0.255803	0.422904	0.0722407	0.203639	0.0500608	-3288.78	1296.74	390.564	318.643	99.1113	0.197255	0.0158054	1075.37	37.5067	
1.37-1.97	5.0-6.5	0.0-100.0	0.000-1.571	0.0-350.0	30.0-120.0	0.032	0.192	1943.0	1931.0	1146.68	40.4248	796.322	35.829	-0.629912	0.142672	-0.05	0.0	0.106954	0.0829893	3.08945	0.00163491	0.0165541	0.0084263	0.0486362	0.00350564	0.03	0.0	1.8	0.0	5.0	0.0	2.5	0.0	0.0462795	0.00190034	2.43512e-05	8.47436e-05	0.397902	0.0458416	0.209779	0.0614416	-0.00199493	0.00438202	-0.00188328	0.00125677	1.83778	0.136905	0.832855	0.0293978	0.8678	0.0633133	0.292596	0.21433	0.149128	0.611768	0.35227	0.137263	0.385329	0.0523974	0.0328449	0.0302823	-2483.5	993.783	40.2584	152.896	20.5514	0.133338	0.0172951	1121.0	44.5086	
1.37-1.97	6.5-10.0	0.0-100.0	0.000-1.571	0.0-350.0	0.0-20.0	0.016	0.12	3298.0	3226.0	2675.22	58.2831	622.792	36.6631	-1.29604	0.17966	-0.05	0.0	0.133062	0.093045	3.09035	0.000958801	0.0732519	0.0166607	0.0400758	0.0019543	0.03	0.0	1.8	0.0	5.0	0.0	2.5	0.0	0.045895	0.00270341	1.95891e-05	0.0197414	0.36756	0.0180307	0.101073	0.0208745	-0.00631875	0.0045078	0.000806236	0.000628512	2.02372	0.170144	0.854531	0.0154838	0.917453	0.178742	0.651493	0.161217	0.139747	0.11053	0.0222673	0.02972	0.383608	0.0360864	0.0794064	0.0231055	-5727.86	2016.16	53.7837	659.063	34.1977	0.246358	0.0116018	1034.58	24.578	
1.37-1.97	6.5-10.0	0.0-100.0	0.000-1.571	0.0-350.0	20.0-30.0	0.024	0.16	2586.0	2571.0	2006.43	50.9572	579.581	34.1965	-1.05967	0.174532	-0.05	0.0	0.662449	0.139848	3.09033	0.00117333	0.0409709	0.00303962	0.0599998	0.0114178	0.03	0.0	1.8	0.0	5.0	0.0	2.5	0.0	0.0482408	0.00290081	1.7355e-05	0.0166724	0.33512	0.0205775	0.0835317	0.0165664	-0.00884522	0.0106455	0.000785583	0.000613906	2.32441	0.268384	0.864219	0.0141721	0.809732	0.165188	0.729665	0.115891	0.208182	0.114818	0.0200001	0.060731	0.413882	0.0397029	0.0970005	0.0280325	-4265.75	1519.08	47.9032	487.348	30.9756	0.242893	0.0141522	1065.74	30.8677	
1.37-1.97	6.5-10.0	0.0-100.0	0.000-1.571	0.0-350.0	30.0-120.0	0.016	0.145	1927.0	1908.0	1447.55	43.2902	479.256	30.0991	-0.935556	0.191696	-0.05	0.0	0.441454	0.187059	3.09193	0.00142309	0.0605383	0.00693851	0.0368011	0.00414993	0.03	0.0	1.8	0.0	5.0	0.0	2.5	0.0	0.0487271	0.00305024	1.50767e-05	0.00527146	0.390415	0.0282845	0.0847097	0.0167781	-0.00875741	0.0103906	0.000800025	0.000614163	2.0563	7.09148e-06	0.863192	0.0142916	0.997608	0.20276	0.600919	0.103895	0.372237	0.0828443	0.011291	0.279661	0.372668	0.0443313	0.0882472	0.0239992	-3101.56	1141.72	40.235	305.826	23.1663	0.211272	0.0147037	1019.89	15.3581	
1.97-2.4	10.0-30.0	0.0-100.0	0.000-1.571	0.0-350.0	0.0-20.0	0.016	0.096	525.0	520.0	412.024	22.7743	112.973	14.8207	-1.50299	0.433211	-0.05	0.0	0.709983	0.336715	3.08882	0.0034828	0.0719558	0.0055715	0.0362221	0.00877218	0.03	0.0	1.8	0.0	5.0	0.0	2.5	0.0	0.063691	0.00562305	1.8462e-05	0.00459078	0.312557	0.0329597	0.155739	0.0920082	-0.0074985	0.015226	0.00283586	0.00139899	1.45263	0.256689	0.83003	0.05791	0.733455	0.0627529	1.0	0.0191531	0.010017	0.114431	0.0301019	0.0111601	0.405603	0.0581467	0.500274	0.709605	-713.758	249.166	19.3557	162.859	16.3095	0.395265	0.0330082	954.088	50.5214	
1.97-2.4	10.0-30.0	0.0-100.0	0.000-1.571	0.0-350.0	20.0-30.0	0.016	0.088	390.0	378.0	299.549	28.6854	90.4512	27.7797	-1.06898	0.837462	-0.05	0.0	0.928792	0.77737	3.08588	0.00637424	0.058734	0.0139893	0.0496097	0.0400478	0.03	0.0	1.8	0.0	5.0	0.0	2.5	0.0	0.0581316	0.00744899	1.77011e-05	0.00459113	0.356895	0.0402816	0.161063	0.0957236	-0.00730527	0.0149738	0.00290545	0.00141416	1.74703	0.362773	0.825721	0.060083	0.875084	0.00442224	1.0	7.50464	0.397471	0.00499932	0.130426	0.00432428	0.358273	0.00387496	0.139484	5.41039	-565.591	189.54	21.2935	110.009	15.3279	0.367249	0.0371693	1031.3	76.6918	
1.97-2.4	10.0-30.0	0.0-100.0	0.000-1.571	0.0-350.0	30.0-120.0	0.016	0.08	291.0	278.0	208.625	17.4237	82.3927	13.315	-1.1407	0.471015	-0.05	0.0	0.406747	0.537652	3.09217	0.00430244	0.0490407	0.0177354	0.056595	0.0267022	0.03	0.0	1.8	0.0	5.0	0.0	2.5	0.0	0.0536508	0.00920203	9.15808e-05	0.00115973	0.338407	0.0454311	0.399999	0.249959	-0.00440139	0.00321981	0.00474696	0.00181863	1.23931	0.178779	0.706649	0.0405373	0.727529	0.327353	0.484434	0.27137	0.0754125	0.515576	0.0479594	0.0579824	0.582838	0.177222	0.0574006	0.0310026	-391.821	128.767	14.1194	79.8577	11.3219	0.382782	0.0438537	956.016	82.5816	
1.97-2.4	5.0-6.5	0.0-100.0	0.000-1.571	0.0-350.0	0.0-20.0	0.032	0.152	1301.0	1282.0	907.576	35.4005	393.463	27.1863	-1.27208	0.220393	-0.05	0.0	0.28	0.382246	3.09213	0.00218969	0.0696928	0.011002	0.0477801	0.00324243	0.03	0.0	1.8	0.0	5.0	0.0	2.5	0.0	0.054806	0.00500175	5.73971e-05	0.00225447	0.409606	0.0431609	0.0305103	0.0177721	-0.00999904	0.0172477	0.000540136	0.0013997	2.35319	0.453534	0.905226	0.0212063	0.679163	0.260759	0.888258	0.0804154	0.419017	0.219788	0.0289899	0.0276777	0.362942	0.0618609	0.415925	0.261256	-1614.29	745.75	33.9719	161.826	18.6493	0.178306	0.0193357	981.521	28.6559	
1.97-2.4	5.0-6.5	0.0-100.0	0.000-1.571	0.0-350.0	20.0-30.0	0.04	0.136	1002.0	976.0	666.697	30.4456	335.289	24.4025	-0.905388	0.228284	-0.05	0.0	0.860413	0.13129	3.08729	0.00237993	0.0566016	0.0051351	0.0235935	0.0111066	0.03	0.0	1.8	0.0	5.0	0.0	2.5	0.0	0.0532376	0.00288064	2.66038e-05	0.00458704	0.395494	0.0415083	0.0310791	0.0181315	0.00999469	0.0198177	0.000595478	0.00140246	2.99369	0.588766	0.903934	0.0216433	0.501059	0.217366	0.802541	0.208616	0.46032	0.215267	0.0466206	0.0448376	0.478551	0.105502	0.190562	0.116459	-1188.62	510.321	28.1877	156.376	17.391	0.234553	0.0237847	1034.52	45.3715	
1.97-2.4	5.0-6.5	0.0-100.0	0.000-1.571	0.0-350.0	30.0-120.0	0.04	0.168	800.0	797.0	507.882	26.3672	292.086	21.8963	-1.36544	0.250688	-0.05	0.0	0.280001	0.468309	3.08488	0.00303785	0.0529826	0.0103373	0.0574859	0.00519639	0.03	0.0	1.8	0.0	5.0	0.0	2.5	0.0	0.0562613	0.00256567	5.67034e-05	0.00258997	0.410391	0.0574897	0.0356969	0.0175147	0.00658692	0.0168088	0.000461085	0.00142209	3.1837	0.664585	0.900032	0.0208401	0.949514	0.930939	0.351733	0.255714	0.412044	0.147158	0.108604	0.17097	0.43827	0.107035	0.0830696	0.0275858	-965.05	418.756	25.0176	89.1256	13.2158	0.175485	0.0243744	1069.09	52.7091	
1.97-2.4	6.5-10.0	0.0-100.0	0.000-1.571	0.0-350.0	0.0-20.0	0.024	0.112	1313.0	1284.0	1063.35	37.2765	249.614	23.9954	-1.44029	0.284257	-0.05	0.0	0.10298	0.756509	3.09356	0.00203405	0.0497328	0.0238233	0.0565531	0.00511438	0.03	0.0	1.8	0.0	5.0	0.0	2.5	0.0	0.0558892	0.00354914	5.87603e-05	0.000352169	0.365674	0.031232	0.128322	0.061904	0.0066894	0.00578557	0.000919545	0.00119362	1.6296	0.16844	0.806428	0.036584	0.999996	0.631022	0.45617	0.118261	0.134908	0.153397	0.00929863	1.00519e-05	0.40186	0.0639253	0.0701411	0.0187115	-2062.46	832.923	35.0679	230.43	21.0345	0.216702	0.0182645	952.705	39.8117	
1.97-2.4	6.5-10.0	0.0-100.0	0.000-1.571	0.0-350.0	20.0-30.0	0.024	0.112	944.0	925.0	665.495	29.1154	278.473	21.4634	-1.23027	0.258224	-0.05	0.0	0.915105	0.533825	3.09159	0.00246272	0.0555654	0.00410388	0.0285671	0.0143734	0.03	0.0	1.8	0.0	5.0	0.0	2.5	0.0	0.0538023	0.0059675	5.87603e-05	0.000352169	0.305307	0.044216	0.128322	0.061904	0.0066894	0.00578557	0.000919545	0.00119362	1.64564	0.214205	0.806428	0.036584	1.0	0.101255	0.378172	0.0859033	0.145498	0.126788	0.0688146	0.07083	0.505742	0.0831982	0.0684253	0.0152021	-1408.12	538.167	28.0045	127.328	16.1532	0.191328	0.0227835	956.236	43.0045	
1.97-2.4	6.5-10.0	0.0-100.0	0.000-1.571	0.0-350.0	30.0-120.0	0.024	0.128	704.0	698.0	523.14	25.8329	180.862	18.0325	-1.57174	0.330223	-0.05	0.0	0.0700048	0.871193	3.08794	0.00296588	0.0598023	0.0467764	0.0571349	0.00435379	0.03	0.0	1.8	0.0	5.0	0.0	2.5	0.0	0.0573257	0.00289709	3.40681e-05	0.00458361	0.365963	0.0458984	0.0590176	0.0258868	0.00999795	0.0196393	0.00138793	0.0010215	4.0	0.232743	0.846032	0.024123	0.903898	0.749578	0.557139	0.321625	0.335132	0.20179	0.0702238	0.0677449	0.396384	0.0846172	0.058097	0.0342796	-1003.61	417.921	24.2401	105.219	13.7363	0.201129	0.0243066	1271.93	81.0635	
