../Pbp_8rap9pt_20150106
rap	pT	cent	dPhi	ntrk	Et	ctauErrMin	ctauErrMax	NoCutEntry	CutEntry	NSig	NSigErr	NBkg	NBkgErr	coefExp	coefExpErr	coefPol1	coefPol1Err	coeffGaus	coeffGausErr	meanSig1	meanSig1Err	sigmaSig1	sigmaSig1Err	sigmaSig2	sigmaSig2Err	sigmaSig3	sigmaSig3Err	alpha	alphaErr	enne	enneErr	enneW	enneWErr	sigWidth	sigWidthErr	Gmc	GmcErr	bTau	bTauErr	fracRes	fracResErr	meanResSigW	meanResSigWErr	meanResSigN	meanResSigNErr	sigmaResSigW	sigmaResSigWErr	sigmaResSigN	sigmaResSigNErr	fpm	fpmErr	fLiving	fLivingErr	fbkgCtTot	fbkgCtTotErr	lambdam	lambdamErr	lambdap	lambdapErr	lambdasym	lambdasymErr	NLL	PROMPT	PROMPTErr	NON-PROMPT	NON-PROMPTErr	Bfraction	BfractionErr	Resolution	ResolutionErr	
-0.47-0.43	0.0-3.0	0.0-100.0	0.000-1.571	0.0-350.0	0.0-120.0	0.0	0.008	0.0	0.0	0.0	0.0	1.47684	0.345268	-2.14033	0.937231	-0.05	0.0	0.1	0.183879	3.0975	0.0420209	0.02	0.0303397	0.03	0.0206117	0.03	0.0	1.8	0.0	5.0	0.0	2.5	0.0	0.0291548	0.00963307	9.69486e-05	0.00190305	0.04	0.213759	0.00850123	0.111603	0.0	0.00841471	0.0	0.00841471	2.3	1.25094	0.8	0.206117	0.9	0.252441	0.707205	0.252441	0.29	0.375187	0.05	0.119743	0.42	0.389811	0.1	0.251176	8.0	0.0	nan	0.0	nan	0.073007	0.364368	824.337	186.612	
-0.47-0.43	10.0-14.0	0.0-100.0	0.000-1.571	0.0-350.0	0.0-120.0	0.008	0.056	3250.0	3248.0	2704.4	53.7483	545.759	27.0228	-1.32364	0.177315	-0.05	0.0	0.408708	0.197689	3.0938	0.000455686	0.015571	0.00165128	0.0248643	0.00296308	0.03	0.0	1.8	0.0	5.0	0.0	2.5	0.0	0.0215558	0.00135011	4.04407e-05	0.00083502	0.347007	0.0136813	0.0613969	0.0739571	0.000152547	0.00673739	-0.000364302	0.000719366	1.56708	0.200806	0.918439	0.0412762	1.0	2.7923	0.70097	0.0380488	0.0100337	0.691868	0.0477248	1.15521	0.395479	0.0297071	0.0483229	0.00739052	-8096.38	1825.84	46.6839	878.553	34.1683	0.324861	0.0108601	970.832	37.1157	
-0.47-0.43	14.0-30.0	0.0-100.0	0.000-1.571	0.0-350.0	0.0-120.0	0.008	0.04	1667.0	1663.0	1324.15	37.6932	342.809	20.9622	-1.24031	0.219413	-0.05	0.0	0.105277	0.052378	3.09403	0.000644021	0.01	0.00477407	0.0224484	0.000999853	0.03	0.0	1.8	0.0	5.0	0.0	2.5	0.0	0.0214803	0.00054114	8.30691e-05	0.000910162	0.374426	0.0172774	0.133054	0.125689	0.00406212	0.00494479	0.000481744	0.000923576	1.49966	0.176852	0.881683	0.0535631	0.872516	0.0730677	0.969027	0.0386698	0.0537114	0.0874113	0.0208086	0.0152906	0.312062	0.0261039	0.148219	0.126229	-3609.81	761.807	30.0188	562.338	26.2127	0.42468	0.015676	986.494	54.2934	
-0.47-0.43	3.0-4.0	0.0-100.0	0.000-1.571	0.0-350.0	0.0-120.0	0.0	0.008	0.0	0.0	0.0	0.0	1.47684	0.345268	-2.14033	0.937231	-0.05	0.0	0.1	0.183879	3.0975	0.0420209	0.02	0.0303397	0.03	0.0206117	0.03	0.0	1.8	0.0	5.0	0.0	2.5	0.0	0.0291548	0.00963307	9.69486e-05	0.00190305	0.04	0.213759	0.00850123	0.111603	0.0	0.00841471	0.0	0.00841471	2.3	1.25094	0.8	0.206117	0.9	0.252441	0.707205	0.252441	0.29	0.375187	0.05	0.119743	0.42	0.389811	0.1	0.251176	8.0	0.0	nan	0.0	nan	0.073007	0.364368	824.337	186.612	
-0.47-0.43	4.0-5.0	0.0-100.0	0.000-1.571	0.0-350.0	0.0-120.0	0.0	0.008	0.0	0.0	0.0	0.0	1.47684	0.345268	-2.14033	0.937231	-0.05	0.0	0.1	0.183879	3.0975	0.0420209	0.02	0.0303397	0.03	0.0206117	0.03	0.0	1.8	0.0	5.0	0.0	2.5	0.0	0.0291548	0.00963307	9.69486e-05	0.00190305	0.04	0.213759	0.00850123	0.111603	0.0	0.00841471	0.0	0.00841471	2.3	1.25094	0.8	0.206117	0.9	0.252441	0.707205	0.252441	0.29	0.375187	0.05	0.119743	0.42	0.389811	0.1	0.251176	8.0	0.0	nan	0.0	nan	0.073007	0.364368	824.337	186.612	
-0.47-0.43	5.0-6.5	0.0-100.0	0.000-1.571	0.0-350.0	0.0-120.0	0.024	0.04	45.0	41.0	41.8476	6.61202	3.14516	2.24085	-0.64229	3.06168	-0.05	0.0	0.07	0.0344589	3.09431	0.00334167	0.149999	0.10788	0.0151597	0.0028665	0.03	0.0	1.8	0.0	5.0	0.0	2.5	0.0	0.0422932	0.014147	0.0196907	0.0111832	0.174826	0.0682981	0.00850123	0.111603	0.0	0.00841471	0.0	0.00841471	1.46352	2.2252	0.8	0.206117	0.9	0.252441	0.707205	0.252441	0.29	0.375187	0.05	0.119743	0.42	0.389811	0.1	0.251176	-149.365	32.4016	6.20413	9.446	3.80908	0.225724	0.0837445	807.941	114.981	
-0.47-0.43	6.5-7.5	0.0-100.0	0.000-1.571	0.0-350.0	0.0-120.0	0.016	0.056	823.0	821.0	692.452	27.1067	130.531	13.149	-0.739186	0.345183	-0.05	0.0	0.372894	0.230399	3.09506	0.000806653	0.015323	0.00184449	0.0217859	0.0025235	0.03	0.0	1.8	0.0	5.0	0.0	2.5	0.0	0.0196263	0.00115712	0.000330177	0.00195791	0.372836	0.0327305	0.12555	0.0700554	0.01	0.0147641	-0.00358857	0.00197615	1.73836	0.344573	0.845029	0.0512589	0.697756	0.101574	0.999748	0.971179	0.293946	0.106264	0.0538096	0.0205759	0.491293	0.0855162	0.0552672	0.514951	-2149.54	517.418	24.6139	175.034	15.5736	0.252774	0.0201967	1001.91	58.2518	
-0.47-0.43	7.5-8.5	0.0-100.0	0.000-1.571	0.0-350.0	0.0-120.0	0.016	0.056	1631.0	1630.0	1355.64	37.9821	275.251	19.0354	-1.00097	0.240997	-0.05	0.0	0.177774	0.0526909	3.09416	0.000589416	0.01	0.00209949	0.0223299	0.00103712	0.03	0.0	1.8	0.0	5.0	0.0	2.5	0.0	0.0206823	0.000533396	0.00015106	0.0135437	0.391275	0.0243234	0.399997	0.284254	-0.00384021	0.00511243	0.00433231	0.00346956	1.21231	0.0670586	0.800697	0.0614657	1.0	0.0704034	0.719745	0.0803395	0.153958	0.0594881	0.133416	0.336183	0.385401	0.0448673	0.108061	0.029703	-4111.54	1009.71	34.652	345.926	22.2345	0.255176	0.0147612	986.179	63.7258	
-0.47-0.43	8.5-10.0	0.0-100.0	0.000-1.571	0.0-350.0	0.0-120.0	0.016	0.056	2353.0	2352.0	1951.07	45.4685	401.909	22.7639	-1.32869	0.203892	-0.05	0.0	0.0700057	0.168861	3.09461	0.000494005	0.0162093	0.00656017	0.0199704	0.000711466	0.03	0.0	1.8	0.0	5.0	0.0	2.5	0.0	0.0197305	0.000482161	0.000126566	0.00198054	0.411651	0.0214543	0.129025	0.0986666	0.00433869	0.00617037	0.00123704	0.00101017	1.83574	0.137448	0.871107	0.0557718	0.928798	0.0386004	0.88624	0.134658	0.19084	0.111221	0.152198	0.06423	0.393838	0.0344015	0.0325799	0.0365764	-5966.8	1465.87	41.2144	485.193	25.6804	0.248681	0.0118177	1046.77	66.6054	
-1.37--0.47	0.0-3.0	0.0-100.0	0.000-1.571	0.0-350.0	0.0-120.0	0.0	0.008	0.0	0.0	0.0	0.0	1.47684	0.345268	-2.14033	0.937231	-0.05	0.0	0.1	0.183879	3.0975	0.0420209	0.02	0.0303397	0.03	0.0206117	0.03	0.0	1.8	0.0	5.0	0.0	2.5	0.0	0.0291548	0.00963307	9.69486e-05	0.00190305	0.04	0.213759	0.00850123	0.111603	0.0	0.00841471	0.0	0.00841471	2.3	1.25094	0.8	0.206117	0.9	0.252441	0.707205	0.252441	0.29	0.375187	0.05	0.119743	0.42	0.389811	0.1	0.251176	8.0	0.0	nan	0.0	nan	0.073007	0.364368	824.337	186.612	
-1.37--0.47	10.0-14.0	0.0-100.0	0.000-1.571	0.0-350.0	0.0-120.0	0.016	0.064	3827.0	3814.0	3200.16	59.525	626.813	31.143	-1.19814	0.167585	-0.05	0.0	0.3866	0.120065	3.09344	0.000622756	0.0227228	0.00203699	0.0388046	0.00278604	0.03	0.0	1.8	0.0	5.0	0.0	2.5	0.0	0.0335152	0.00135475	8.3539e-05	0.00133657	0.369652	0.0138155	0.327426	0.328053	0.002379	0.00268483	-0.001049	0.00113049	1.47284	0.0534531	0.842308	0.0851649	0.99999	0.0874123	0.938545	0.0280169	0.226918	0.0300454	0.00785795	0.287959	0.428813	0.0278937	0.154053	0.0660331	-8212.41	2220.7	52.176	979.454	36.7154	0.306064	0.00996088	1089.7	112.696	
-1.37--0.47	14.0-30.0	0.0-100.0	0.000-1.571	0.0-350.0	0.0-120.0	0.008	0.04	1797.0	1792.0	1474.14	40.0965	322.862	21.3663	-1.55794	0.235514	-0.05	0.0	0.0700045	0.0512428	3.09308	0.00090761	0.01058	0.00388957	0.032871	0.000872247	0.03	0.0	1.8	0.0	5.0	0.0	2.5	0.0	0.0318229	0.000574105	1.92065e-05	0.00459044	0.393744	0.0166376	0.39999	0.761524	0.00680512	0.00329032	-0.0031631	0.00220251	1.35137	0.095959	0.880417	0.0553075	0.860112	0.0365718	1.0	0.150376	0.145796	0.0424681	0.0498841	0.0131824	0.340772	0.0283554	0.0596647	1.29948	-3348.71	792.957	31.2734	681.18	29.2595	0.462087	0.015362	1093.41	185.02	
-1.37--0.47	3.0-4.0	0.0-100.0	0.000-1.571	0.0-350.0	0.0-120.0	0.048	0.064	17.0	3.0	4.68115	2.95055	12.322	4.04328	0.503041	0.792396	-0.05	0.0	0.0702361	0.522793	3.05	0.012962	0.0662258	0.0556886	0.0406141	0.0166703	0.03	0.0	1.8	0.0	5.0	0.0	2.5	0.0	0.042915	0.0115043	0.000110599	0.00556928	0.053652	0.047044	0.00850123	0.111603	0.0	0.00841471	0.0	0.00841471	1.00002	2.66949	0.8	0.206117	0.602105	0.302513	0.999969	1.17764	0.400591	0.355008	0.36741	0.421317	0.220417	0.183627	0.304343	1.31325	-8.64548	8.13747e-05	3.91678	4.68107	4.90374	0.999983	0.836714	801.911	103.676	
-1.37--0.47	4.0-5.0	0.0-100.0	0.000-1.571	0.0-350.0	0.0-120.0	0.04	0.096	180.0	70.0	55.2111	10.5552	124.77	13.4497	1.0	0.105266	-0.05	0.0	0.308066	0.194673	3.08698	0.00433193	0.0109469	0.00840446	0.0444245	0.0141001	0.03	0.0	1.8	0.0	5.0	0.0	2.5	0.0	0.0374496	0.00627953	0.000104398	0.00455128	0.312643	0.106708	0.359108	0.332317	0.01	0.0196354	-0.01	0.0174538	1.27622	0.215456	0.70133	0.299646	0.997302	0.224132	0.378454	0.243633	0.389274	0.212077	0.139306	0.314092	0.0500009	0.0740763	0.25454	0.0726994	-101.265	38.2095	9.79699	17.0016	7.29279	0.307938	0.118244	948.746	132.879	
-1.37--0.47	5.0-6.5	0.0-100.0	0.000-1.571	0.0-350.0	0.0-120.0	0.024	0.145	2132.0	2078.0	1497.24	113.61	634.749	117.747	0.605034	0.126304	-0.05	0.0	0.0700023	1.11899	3.09231	0.00126383	0.0619029	0.179084	0.0346199	0.00178047	0.03	0.0	1.8	0.0	5.0	0.0	2.5	0.0	0.0371871	0.0224037	1.19273e-05	0.0103994	0.399146	0.0306256	0.0778192	0.063645	-0.00696776	0.0128583	0.00113139	0.001835	3.01005	0.337856	0.837571	0.0401707	0.911739	0.821976	0.430241	0.209087	0.333468	0.114562	0.0315571	0.063087	0.39	0.0598842	0.10586	0.0283249	-3350.52	1215.63	94.9544	281.617	31.0569	0.18809	0.0150521	1162.76	120.082	
-1.37--0.47	6.5-7.5	0.0-100.0	0.000-1.571	0.0-350.0	0.0-120.0	0.016	0.105	2696.0	2682.0	2165.04	49.1435	530.944	27.9466	-0.475396	0.172556	-0.05	0.0	0.173592	0.0817891	3.09297	0.00079238	0.0167632	0.00345714	0.0366048	0.0019182	0.03	0.0	1.8	0.0	5.0	0.0	2.5	0.0	0.0340014	0.00107494	0.000242396	0.00307592	0.400742	0.0227215	0.231285	0.0766972	-0.00332347	0.00492138	0.00204897	0.0014045	1.44875	0.0782786	0.772241	0.0444608	0.999998	0.634544	0.504113	0.0780306	0.232864	0.0956857	0.0418997	0.000102994	0.431306	0.0453235	0.0619739	0.0135508	-5596.37	1699.96	46.1785	465.074	27.4764	0.214811	0.0117169	971.527	35.3	
-1.37--0.47	7.5-8.5	0.0-100.0	0.000-1.571	0.0-350.0	0.0-120.0	0.016	0.073	2695.0	2667.0	2207.18	49.3555	487.936	26.7733	-0.820228	0.181984	-0.05	0.0	0.0700004	0.0127156	3.09371	0.000749186	0.0117383	0.005336	0.0326229	0.000761833	0.03	0.0	1.8	0.0	5.0	0.0	2.5	0.0	0.0316133	0.00038357	6.19256e-05	0.000357813	0.364365	0.0190881	0.0629414	0.0456582	0.01	0.00382107	0.0013716	0.000994181	2.46934	0.260377	0.906707	0.0272386	0.910696	0.0365994	0.624692	0.103556	0.139625	0.131301	0.299194	0.106644	0.449996	0.0432517	0.0413237	0.0176584	-5658.79	1676.1	45.4021	531.08	28.2426	0.240615	0.0116096	1074.32	60.1048	
-1.37--0.47	8.5-10.0	0.0-100.0	0.000-1.571	0.0-350.0	0.0-120.0	0.016	0.073	3140.0	3130.0	2618.02	53.7621	521.955	28.1841	-1.11989	0.179853	-0.05	0.0	0.220008	0.10241	3.09319	0.000686613	0.0206273	0.00271967	0.034472	0.00127055	0.03	0.0	1.8	0.0	5.0	0.0	2.5	0.0	0.0319451	0.000834868	6.94102e-05	0.0125371	0.370327	0.0156872	0.0770872	0.0350408	-0.00999999	0.00425198	0.000802478	0.000817105	1.80977	0.210819	0.885904	0.0287541	0.800104	0.0482828	0.989023	0.0118576	0.147446	0.0574217	0.0454834	0.0117594	0.342911	0.0261527	0.755475	0.86417	-6823.15	1835.53	48.0841	782.493	33.9043	0.298887	0.0114035	988.335	29.1568	
-1.97--1.37	0.0-3.0	0.0-100.0	0.000-1.571	0.0-350.0	0.0-120.0	0.064	0.312	3937.0	3740.0	1131.34	48.2164	2805.71	63.2309	0.56848	0.0736967	-0.05	0.0	0.8895	0.449798	3.09084	0.00190501	0.0447184	0.00399953	0.0238483	0.0127199	0.03	0.0	1.8	0.0	5.0	0.0	2.5	0.0	0.0429139	0.00420102	0.000735128	0.0124909	0.43535	0.0	0.0778525	0.081664	0.00999981	0.0183665	-0.00809954	0.0105236	1.95898	0.0	0.850674	0.0683325	0.9	0.0	0.9	0.0	0.29	0.0	0.05	0.0	0.42	0.0	0.1	0.0	nan	848.507	36.1623	282.836	12.0541	0.25	0.0	982.892	70.194	
-1.97--1.37	10.0-14.0	0.0-100.0	0.000-1.571	0.0-350.0	0.0-120.0	0.016	0.12	2915.0	2905.0	2368.23	53.0033	546.934	31.4279	-1.29367	0.184221	-0.05	0.0	0.511155	0.164076	3.09264	0.00101634	0.0521818	0.00366345	0.0345551	0.00327783	0.03	0.0	1.8	0.0	5.0	0.0	2.5	0.0	0.0444472	0.00189396	1.01294e-05	0.00459461	0.347865	0.0147645	0.0267954	0.0188757	-0.00999914	0.0191944	-0.00142949	0.000795404	3.8897	2.19152	0.939836	0.0267484	0.922424	0.122152	0.722773	0.134842	0.0390462	0.100883	0.0225579	0.0260638	0.439293	0.0346189	0.0459675	0.0158165	-5181.05	1548.29	45.9683	819.938	35.3422	0.346225	0.0127541	1124.74	118.328	
-1.97--1.37	14.0-30.0	0.0-100.0	0.000-1.571	0.0-350.0	0.0-120.0	0.008	0.073	1089.0	1085.0	893.017	33.0826	195.997	19.9382	-1.24804	0.321588	-0.05	0.0	0.420609	0.158878	3.08944	0.00171711	0.0297277	0.00433933	0.0599989	0.00883372	0.03	0.0	1.8	0.0	5.0	0.0	2.5	0.0	0.0495726	0.0038248	1.05087e-05	0.00459444	0.392244	0.0229186	0.264767	0.1129	0.00999997	0.00253333	-0.004295	0.00219394	1.70898	0.166027	0.831422	0.0647715	0.933733	0.0335905	0.999853	1.02431	0.108273	0.0428209	0.101794	0.0433421	0.437073	0.0449408	0.116948	0.613153	-1650.92	501.064	25.9988	391.952	23.2855	0.438908	0.0203846	1132.04	67.0549	
-1.97--1.37	3.0-4.0	0.0-100.0	0.000-1.571	0.0-350.0	0.0-120.0	0.048	0.232	6554.0	6441.0	2884.32	76.6595	3669.6	81.6082	-0.601298	0.0663186	-0.05	0.0	0.498541	0.218094	3.08776	0.00106724	0.0533417	0.00699787	0.0335942	0.00385805	0.03	0.0	1.8	0.0	5.0	0.0	2.5	0.0	0.0445471	0.00305125	2.15483e-05	0.00458937	0.38541	0.0261576	0.14488	0.114417	-0.00989945	0.0186022	-0.000971626	0.00419261	1.53921	7.62922e-08	0.892533	0.0478162	0.981072	0.175059	0.349772	0.0712427	0.733199	0.0296022	0.0325998	3.84441e-05	0.508301	0.0555265	0.1865	0.0238472	-5688.06	2404.34	73.2586	479.983	38.0268	0.166411	0.0124199	1012.15	47.9595	
-1.97--1.37	4.0-5.0	0.0-100.0	0.000-1.571	0.0-350.0	0.0-120.0	0.04	0.176	7551.0	7331.0	4149.58	93.0802	3401.45	88.9434	-0.787876	0.0712693	-0.05	0.0	0.174883	0.180564	3.08764	0.000863624	0.0655895	0.0208699	0.0403517	0.00272	0.03	0.0	1.8	0.0	5.0	0.0	2.5	0.0	0.0457805	0.00384246	0.000159053	0.00113914	0.404922	0.0216868	0.156298	0.0804337	-0.01	0.0122967	0.000702519	0.00172786	1.46461	0.163195	0.831391	0.0392866	0.666604	0.173932	0.395142	0.119646	0.542486	0.0500222	0.0463896	0.0253912	0.448883	0.0507457	0.153059	0.0171404	-8569.32	3476.45	86.7415	673.123	40.8779	0.162215	0.00915448	958.358	38.9509	
-1.97--1.37	5.0-6.5	0.0-100.0	0.000-1.571	0.0-350.0	0.0-120.0	0.024	0.24	10791.0	10774.0	7103.86	108.329	3687.08	91.1878	-0.729991	0.0692268	-0.05	0.0	0.201601	0.184494	3.08781	0.00062604	0.0530671	0.00898887	0.0413343	0.00180686	0.03	0.0	1.8	0.0	5.0	0.0	2.5	0.0	0.0439524	0.00173432	2.11226e-05	0.00065571	0.384489	0.0136432	0.0505922	0.0141261	-0.01	0.0124213	-0.000830755	0.000860476	2.08138	0.180842	0.887039	0.013699	0.915675	0.0351736	0.381422	0.0456016	0.336753	0.0741424	0.315541	0.0881171	0.368732	0.0226299	0.0640123	0.0115806	-14881.5	5718.9	101.201	1384.95	55.5169	0.194958	0.00722745	982.955	17.0443	
-1.97--1.37	6.5-7.5	0.0-100.0	0.000-1.571	0.0-350.0	0.0-120.0	0.024	0.16	4997.0	4951.0	3822.86	69.0402	1174.32	46.0216	-0.717034	0.124643	-0.05	0.0	0.349632	0.186609	3.08833	0.000865613	0.0333275	0.004501	0.0538958	0.00515603	0.03	0.0	1.8	0.0	5.0	0.0	2.5	0.0	0.0477232	0.00263877	3.67024e-05	0.0045824	0.367314	0.0171772	0.178004	0.0977139	-0.00308946	0.00513003	-0.0001481	0.001258	1.79748	0.0957714	0.822303	0.0442303	0.722559	0.238863	0.8175	0.0890457	0.333755	0.199044	0.0161789	0.0202046	0.394885	0.0328713	0.174286	0.0574524	-8093.35	3017.17	66.2791	805.699	40.4419	0.210758	0.00987051	1063.46	62.0408	
-1.97--1.37	7.5-8.5	0.0-100.0	0.000-1.571	0.0-350.0	0.0-120.0	0.024	0.168	3338.0	3331.0	2564.1	57.4699	773.875	38.8864	-0.717912	0.152236	-0.05	0.0	0.504861	0.241283	3.08816	0.000998468	0.037239	0.00352648	0.0518921	0.00664857	0.03	0.0	1.8	0.0	5.0	0.0	2.5	0.0	0.0450934	0.00267965	2.45776e-05	0.00458797	0.333368	0.0179584	0.112739	0.0565221	0.000792166	0.00663194	-7.13453e-05	0.00114768	1.85364	0.183525	0.86737	0.0307204	0.822273	0.0556726	0.952544	0.0288984	0.337644	0.0537111	0.0639361	0.0210136	0.358177	0.0285133	0.542896	0.273504	-5685.68	1963.66	53.9492	600.443	33.979	0.234172	0.0121681	1027.07	42.945	
-1.97--1.37	8.5-10.0	0.0-100.0	0.000-1.571	0.0-350.0	0.0-120.0	0.016	0.096	3102.0	3024.0	2446.4	55.43	655.526	35.7951	-1.14466	0.166201	-0.05	0.0	0.633941	0.204172	3.08939	0.000990272	0.0400144	0.00250636	0.050375	0.00670577	0.03	0.0	1.8	0.0	5.0	0.0	2.5	0.0	0.0440904	0.00191356	3.55703e-05	0.0204603	0.369119	0.0177336	0.0439189	0.0161249	-0.00692116	0.0112903	-0.00071544	0.000887546	2.86541	0.340404	0.866843	0.0207422	0.919467	0.0414113	0.584933	0.0493368	0.0101713	0.927027	0.103703	0.0414684	0.374912	0.0289762	0.0200004	0.0145657	-5474.98	1777.41	49.8236	668.991	33.0198	0.27346	0.0119911	1038.76	36.4914	
-2.4--1.97	0.0-3.0	0.0-100.0	0.000-1.571	0.0-350.0	0.0-120.0	0.072	0.76	18111.0	17738.0	6145.05	162.885	11965.9	179.828	0.45894	0.0394095	-0.05	0.0	0.580194	0.295253	3.08722	0.00106073	0.0678372	0.0101451	0.0403846	0.00939897	0.03	0.0	1.8	0.0	5.0	0.0	2.5	0.0	0.0579194	0.00530185	8.04615e-05	0.000265499	0.455535	0.037678	0.0195673	0.00935612	-0.01	0.0199994	3.75777e-05	0.00305739	2.81717	0.487191	0.896091	0.0163454	0.85	0.00254531	0.626471	0.04323	0.57136	0.0332995	0.18441	0.0305052	0.13885	0.0168642	0.672287	0.0524831	-410.503	5343.96	158.271	801.081	73.7262	0.130362	0.0114893	970.856	23.2673	
-2.4--1.97	10.0-14.0	0.0-100.0	0.000-1.571	0.0-350.0	0.0-120.0	0.016	0.105	1203.0	1193.0	934.823	38.2552	268.266	28.2228	-1.23578	0.293535	-0.05	0.0	0.157328	0.202457	3.09472	0.00218212	0.0920859	0.038316	0.0513042	0.00593725	0.03	0.0	1.8	0.0	5.0	0.0	2.5	0.0	0.0595997	0.00714049	2.68373e-05	0.00458693	0.348757	0.0250251	0.197098	0.102485	-0.00999995	0.00434005	0.00228034	0.00188619	1.29795	0.146126	0.797585	0.0668197	1.0	0.0623534	0.612361	0.099496	0.115327	0.11698	0.0279876	0.333892	0.384836	0.0451428	0.043376	0.0141799	-1801.68	632.919	32.5469	301.904	23.2616	0.322953	0.0210836	918.044	42.5908	
-2.4--1.97	14.0-30.0	0.0-100.0	0.000-1.571	0.0-350.0	0.0-120.0	0.016	0.08	465.0	449.0	341.812	20.3462	123.197	13.9791	-0.501235	0.361531	-0.05	0.0	0.929994	0.795546	3.0851	0.00357416	0.0576237	0.00312097	0.059842	0.0454684	0.03	0.0	1.8	0.0	5.0	0.0	2.5	0.0	0.0577817	0.00236979	5.58358e-05	0.000452573	0.266301	0.0292209	0.152039	0.08105	-0.00999991	0.00432967	-0.00179423	0.00180537	1.93322	0.412106	0.838775	0.0705857	0.930815	0.119664	0.941081	0.0691247	0.107105	0.129797	0.0266135	0.0342182	0.348382	0.0514853	0.251047	0.244335	-644.032	191.342	17.2263	150.47	15.724	0.440212	0.0378097	1079.26	83.2717	
-2.4--1.97	3.0-4.0	0.0-100.0	0.000-1.571	0.0-350.0	0.0-120.0	0.056	0.224	6680.0	6632.0	3282.89	86.9135	3397.11	87.5477	-0.851003	0.0738216	-0.05	0.0	0.290759	0.276604	3.08784	0.00128317	0.0712376	0.0147827	0.0483778	0.00529499	0.03	0.0	1.8	0.0	5.0	0.0	2.5	0.0	0.0559952	0.0046379	6.54395e-05	0.00217824	0.425923	0.0318285	0.040474	0.0205434	-0.00113577	0.0109536	0.00269536	0.00222339	2.40607	0.273043	0.912727	0.0190495	0.785001	0.0699015	0.201857	0.0423293	0.322787	0.137246	0.369081	0.0987186	0.534778	0.0562373	0.0740017	0.0161588	-5398.71	2853.99	83.4429	428.896	37.1826	0.130646	0.0107851	1016.69	29.4127	
-2.4--1.97	4.0-5.0	0.0-100.0	0.000-1.571	0.0-350.0	0.0-120.0	0.04	0.209	4775.0	4761.0	2843.17	72.552	1931.63	65.9602	-0.955357	0.0977399	-0.05	0.0	0.440595	0.217958	3.08706	0.00127235	0.0699233	0.00913966	0.043174	0.00534676	0.03	0.0	1.8	0.0	5.0	0.0	2.5	0.0	0.0565412	0.00400052	9.62415e-05	0.00455503	0.335493	0.0223724	0.0441643	0.0277627	0.00999996	0.0130027	-0.000191031	0.00176606	1.9726	0.226175	0.885808	0.0213386	0.595792	0.133007	0.636909	0.305307	0.512102	0.058477	0.059192	0.0243532	0.38343	0.080583	0.188533	0.0778582	-5057.16	2342.1	68.8026	501.066	36.4051	0.176235	0.0119887	960.131	26.4216	
-2.4--1.97	5.0-6.5	0.0-100.0	0.000-1.571	0.0-350.0	0.0-120.0	0.032	0.176	4395.0	4380.0	2961.04	60.6203	1433.92	46.3522	-1.07696	0.110069	-0.05	0.0	0.07	0.00934949	3.08904	0.00112569	0.0399999	0.00145213	0.05	0.000110699	0.03	0.0	1.8	0.0	5.0	0.0	2.5	0.0	0.049366	7.89305e-05	7.62847e-05	0.000865798	0.283331	0.0186596	0.0224387	0.00896657	0.00999998	0.0160292	-0.00104932	0.00128649	3.23429	0.394239	0.900202	0.016721	0.893867	0.0773903	0.456364	0.176859	0.250552	0.324455	0.200508	0.0782029	0.450653	0.0390711	0.0450174	0.0372471	-5641.36	2354.2	59.8733	606.839	37.6329	0.204941	0.0119968	1013.36	26.6027	
-2.4--1.97	6.5-7.5	0.0-100.0	0.000-1.571	0.0-350.0	0.0-120.0	0.024	0.128	1872.0	1847.0	1418.63	48.5639	453.315	37.3174	-1.21884	0.220333	-0.05	0.0	0.179408	0.224505	3.08814	0.00178287	0.0860625	0.0321168	0.0515134	0.00549775	0.03	0.0	1.8	0.0	5.0	0.0	2.5	0.0	0.0592147	0.00645607	8.90462e-05	0.00197327	0.414052	0.0315626	0.102635	0.108805	-0.000345929	0.0147889	0.00114681	0.00204336	1.84785	0.201842	0.931952	0.0546313	0.639564	0.119516	0.882656	0.145327	0.349766	0.120772	0.0490023	0.0243431	0.329829	0.0433685	0.170087	0.106579	-2729.24	1150.42	44.7749	268.205	23.1972	0.189059	0.0150165	1062.94	70.9308	
-2.4--1.97	7.5-8.5	0.0-100.0	0.000-1.571	0.0-350.0	0.0-120.0	0.024	0.136	1278.0	1276.0	966.115	36.5687	311.863	26.1319	-1.53494	0.250744	-0.05	0.0	0.126295	0.806757	3.09211	0.00202043	0.0523042	0.0119144	0.0538131	0.00271805	0.03	0.0	1.8	0.0	5.0	0.0	2.5	0.0	0.0536249	0.00152349	0.000300176	0.00268676	0.357789	0.0315834	0.128786	0.0820194	-0.00418983	0.0163542	0.000569106	0.00195011	1.63751	0.286946	0.820109	0.0515755	1.0	0.0811325	0.717659	0.101807	0.407134	0.0739977	0.0525625	0.0573124	0.418705	0.0524737	0.106134	0.0381229	-1910.75	736.992	36.375	229.123	24.903	0.237159	0.0241628	965.036	56.298	
-2.4--1.97	8.5-10.0	0.0-100.0	0.000-1.571	0.0-350.0	0.0-120.0	0.024	0.12	1087.0	1082.0	801.324	31.1727	285.677	21.3571	-1.26051	0.254826	-0.05	0.0	0.922712	0.774031	3.08925	0.00225413	0.0554939	0.00208965	0.0599989	0.043247	0.03	0.0	1.8	0.0	5.0	0.0	2.5	0.0	0.055855	0.00271837	0.000598165	0.0138131	0.294179	0.0267896	0.0463868	0.0226761	0.01	0.0142288	-0.0040551	0.00156896	2.62808	0.537941	0.859117	0.0306441	0.827773	0.157288	0.947398	0.067082	0.406768	0.122137	0.0297486	0.0250587	0.426717	0.05547	0.25483	0.239409	-1640.64	569.389	30.8212	231.934	23.2535	0.289439	0.0267454	1012.04	48.9652	
0.43-1.03	0.0-3.0	0.0-100.0	0.000-1.571	0.0-350.0	0.0-120.0	0.0	0.008	0.0	0.0	0.0	0.0	1.47684	0.345268	-2.14033	0.937231	-0.05	0.0	0.1	0.183879	3.0975	0.0420209	0.02	0.0303397	0.03	0.0206117	0.03	0.0	1.8	0.0	5.0	0.0	2.5	0.0	0.0291548	0.00963307	9.69486e-05	0.00190305	0.04	0.213759	0.00850123	0.111603	0.0	0.00841471	0.0	0.00841471	2.3	1.25094	0.8	0.206117	0.9	0.252441	0.707205	0.252441	0.29	0.375187	0.05	0.119743	0.42	0.389811	0.1	0.251176	8.0	0.0	nan	0.0	nan	0.073007	0.364368	824.337	186.612	
0.43-1.03	10.0-14.0	0.0-100.0	0.000-1.571	0.0-350.0	0.0-120.0	0.016	0.056	2202.0	2200.0	1843.03	45.6166	358.875	24.4276	-1.20831	0.220107	-0.05	0.0	0.843669	0.0307433	3.092	0.000712871	0.0253283	0.000781052	0.06	0.00481007	0.03	0.0	1.8	0.0	5.0	0.0	2.5	0.0	0.0332269	0.000996166	1.0046e-05	0.00459465	0.386612	0.0177801	0.399988	0.25658	-0.00164102	0.00236853	-0.00114562	0.0014252	1.43813	0.0646438	0.81465	0.0393802	1.0	1.13686	0.860989	0.0482525	0.258442	0.0386332	0.206936	0.447409	0.468759	0.0414768	0.138257	0.0452662	-4780.66	1218.77	39.2297	624.265	29.4575	0.338716	0.013608	1107.01	83.5558	
0.43-1.03	14.0-30.0	0.0-100.0	0.000-1.571	0.0-350.0	0.0-120.0	0.008	0.04	1038.0	1036.0	843.919	30.6789	194.028	17.0693	-2.45999	0.347211	-0.05	0.0	0.724757	0.102397	3.0955	0.00107341	0.0238317	0.00174285	0.0501413	0.00810472	0.03	0.0	1.8	0.0	5.0	0.0	2.5	0.0	0.0332209	0.00229967	8.39275e-05	0.000272787	0.376753	0.0218491	0.399896	0.347319	-0.00431576	0.00276383	0.0015208	0.00181384	1.26994	0.100562	0.804217	0.0662825	1.0	0.0611165	0.910964	0.0785416	0.201674	0.0660658	0.00714307	2.48071	0.498754	0.0537123	0.0518244	0.0354219	-1994.44	458.184	23.9103	385.735	22.1563	0.457076	0.020327	1016.4	87.6867	
0.43-1.03	3.0-4.0	0.0-100.0	0.000-1.571	0.0-350.0	0.0-120.0	0.16	0.168	2.0	2.0	2.0	11491.8	5822.14	114506.0	-1.0	1.68294	-0.05	0.0	0.1	0.183879	3.0975	0.0420209	0.02	0.0303397	0.03	0.0206117	0.03	0.0	1.8	0.0	5.0	0.0	2.5	0.0	0.0291548	0.00963307	9.69486e-05	0.00190305	0.04	0.213759	0.00850123	0.111603	0.0	0.00841471	0.0	0.00841471	2.3	1.25094	0.8	0.206117	0.9	0.252441	0.707205	0.252441	0.29	0.375187	0.05	0.119743	0.42	0.389811	0.1	0.251176	0.0	1.85399	10652.8	0.146014	838.979	0.073007	0.364368	824.337	186.612	
0.43-1.03	4.0-5.0	0.0-100.0	0.000-1.571	0.0-350.0	0.0-120.0	0.128	0.136	46.0	3.0	2.51635	2.15316	43.4841	6.75298	1.0	0.366287	-0.05	0.0	0.0702411	0.857548	3.10611	0.00899674	0.0100004	0.111715	0.01	0.00842263	0.03	0.0	1.8	0.0	5.0	0.0	2.5	0.0	0.01	0.00554309	0.000110599	0.00556928	0.118442	0.0942857	0.00850123	0.111603	0.0	0.00841471	0.0	0.00841471	1.43243	2.14282	0.8	0.206117	7.57002e-06	0.2254	0.999999	0.143655	0.90383	0.125142	0.185932	0.156398	0.0500538	0.218329	0.909322	0.241496	-36.0235	3.68211e-12	1.94398	2.51635	2.90089	1.0	0.772538	807.467	113.534	
0.43-1.03	5.0-6.5	0.0-100.0	0.000-1.571	0.0-350.0	0.0-120.0	0.024	0.096	333.0	305.0	226.959	17.1703	106.006	13.1867	0.387608	0.374515	-0.05	0.0	0.907917	0.185965	3.08895	0.00233886	0.0292606	0.00286298	0.0599879	0.0497239	0.03	0.0	1.8	0.0	5.0	0.0	2.5	0.0	0.0332973	0.00574258	0.00122283	0.0116906	0.348911	0.0603526	0.398967	0.233726	0.00999952	0.0173721	-0.00422027	0.0128678	1.0	0.0411007	1.02493	0.123237	1.0	3.05385	0.429528	0.0218258	0.586212	0.0112486	0.0342569	2.6336	0.366943	0.0140301	0.138602	0.00579433	-607.899	176.745	15.6953	50.2135	9.05416	0.221245	0.0362122	1015.06	38.3677	
0.43-1.03	6.5-7.5	0.0-100.0	0.000-1.571	0.0-350.0	0.0-120.0	0.024	0.08	1042.0	1028.0	866.932	31.5289	175.068	17.3823	-0.131231	0.296631	-0.05	0.0	0.869452	0.07254	3.08952	0.00104624	0.0261246	0.00134601	0.0598692	0.0560641	0.03	0.0	1.8	0.0	5.0	0.0	2.5	0.0	0.032578	0.00693238	0.000217243	0.0044291	0.336125	0.0300008	0.141813	0.0906675	0.000515699	0.0144335	0.00105905	0.00193524	1.58849	0.280073	0.851619	0.0544828	0.828487	0.0814837	0.999987	0.676816	0.518743	0.0710492	0.146189	0.0743468	0.374117	0.0665833	0.0200006	2.67181	-2473.43	672.762	30.9591	194.17	20.2407	0.223974	0.0218805	990.072	55.8044	
0.43-1.03	7.5-8.5	0.0-100.0	0.000-1.571	0.0-350.0	0.0-120.0	0.016	0.048	1407.0	1365.0	1187.18	36.4423	219.745	18.9916	-0.938039	0.275246	-0.05	0.0	0.319573	0.236839	3.09298	0.000907838	0.0355791	0.0043504	0.0246543	0.00286241	0.03	0.0	1.8	0.0	5.0	0.0	2.5	0.0	0.0286029	0.00181873	2.66249e-05	0.00458703	0.370947	0.0256999	0.0405448	0.0479778	0.00999974	0.0128698	-0.00068005	0.00133822	1.72904	0.355972	0.856668	0.032463	0.9087	0.160701	0.823722	0.31186	0.286042	0.111482	0.0598786	0.265115	0.446018	0.0796133	0.0896992	0.0744002	-3362.04	898.479	32.8819	288.701	19.9772	0.243182	0.0150811	908.48	35.9337	
0.43-1.03	8.5-10.0	0.0-100.0	0.000-1.571	0.0-350.0	0.0-120.0	0.016	0.064	1723.0	1721.0	1425.49	38.8953	297.494	19.6235	-1.25321	0.230744	-0.05	0.0	0.779999	0.34601	3.09389	0.000777886	0.0294214	0.00111096	0.0194733	0.00282615	0.03	0.0	1.8	0.0	5.0	0.0	2.5	0.0	0.0275429	0.00161127	8.44416e-05	0.00320024	0.360448	0.0232271	0.340861	0.295079	0.000406555	0.00320008	0.00020985	0.00153431	1.47806	0.0804569	0.763363	0.0657165	0.940417	0.818843	0.662072	0.1369	0.137302	0.210424	0.0100729	0.286483	0.467264	0.0613279	0.0945291	0.0255888	-4100.83	1079.99	35.708	345.495	22.2611	0.24237	0.0141471	1062.43	113.922	
1.03-1.46	0.0-3.0	0.0-100.0	0.000-1.571	0.0-350.0	0.0-120.0	0.08	0.104	23.0	10.0	6.92602	3.6008	16.0753	4.70262	1.0	0.171692	-0.05	0.0	0.593681	0.348139	3.06879	0.008793	0.0533422	0.0379722	0.0101188	0.0427406	0.03	0.0	1.8	0.0	5.0	0.0	2.5	0.0	0.0416036	0.0156924	0.000110599	0.00556928	0.596089	0.754814	0.00850123	0.111603	0.0	0.00841471	0.0	0.00841471	1.00002	2.99225	0.8	0.206117	0.407095	0.303245	1.0	0.981971	0.01	0.773376	0.0447281	0.0352372	0.0500002	0.94786	0.0244919	0.00821646	-29.3218	5.65785	3.17388	1.26817	1.36229	0.183102	0.172122	801.911	103.923	
1.03-1.46	10.0-14.0	0.0-100.0	0.000-1.571	0.0-350.0	0.0-120.0	0.016	0.064	1606.0	1600.0	1326.94	39.568	279.063	22.7543	-1.20692	0.250237	-0.05	0.0	0.90266	0.0804286	3.09093	0.00112814	0.0363324	0.00172058	0.0596408	0.0387799	0.03	0.0	1.8	0.0	5.0	0.0	2.5	0.0	0.0392146	0.00317383	1.01669e-05	0.0045946	0.398464	0.0232476	0.0191816	0.00700679	0.00999946	0.0181981	-0.0010009	0.000862932	2.53062	0.640467	0.921302	0.0238797	0.984312	0.0303343	0.638532	0.0590623	0.0102781	0.710146	0.161191	0.180544	0.391163	0.0427785	0.0277733	0.00785829	-3387.35	956.303	34.3114	370.642	22.0515	0.27932	0.0143803	977.423	21.769	
1.03-1.46	14.0-30.0	0.0-100.0	0.000-1.571	0.0-350.0	0.0-120.0	0.008	0.048	666.0	662.0	532.287	24.0536	133.724	13.4195	-1.64588	0.345476	-0.05	0.0	0.929998	0.528461	3.09601	0.00179461	0.0398058	0.00162094	0.0174417	0.0053725	0.03	0.0	1.8	0.0	5.0	0.0	2.5	0.0	0.0386636	0.00444389	7.02874e-05	0.00122161	0.369767	0.027411	0.395483	0.335085	0.00154228	0.00309437	0.000624298	0.00126616	1.44046	0.118069	0.600006	0.435332	0.937752	0.0682346	0.694917	0.0937024	0.0100276	0.792448	0.0791612	0.0615274	0.40927	0.0638662	0.0179823	0.0115516	-1188.05	305.19	19.2354	227.097	16.8854	0.426644	0.0251914	1018.93	164.23	
1.03-1.46	3.0-4.0	0.0-100.0	0.000-1.571	0.0-350.0	0.0-120.0	0.048	0.088	86.0	51.0	21.3284	6.07016	64.671	8.95476	0.999997	0.0917161	-0.05	0.0	0.929953	0.859054	3.08397	0.0111739	0.036211	0.00884254	0.0365756	0.0369593	0.03	0.0	1.8	0.0	5.0	0.0	2.5	0.0	0.0362366	0.00431427	0.000110599	0.00556928	0.384641	0.172629	0.00850123	0.111603	0.0	0.00841471	0.0	0.00841471	4.0	2.9094	0.8	0.206117	0.999999	6.42488	0.129011	0.0429004	0.01	0.157117	0.238922	1.63446	0.221467	0.0549232	0.0441839	0.00774919	-74.8433	13.4573	5.26234	7.87109	4.24753	0.369043	0.1692	877.826	500.186	
1.03-1.46	4.0-5.0	0.0-100.0	0.000-1.571	0.0-350.0	0.0-120.0	0.032	0.152	487.0	423.0	216.054	18.1509	270.994	19.6019	0.766182	0.236206	-0.05	0.0	0.93	0.192274	3.08765	0.0040747	0.0453444	0.00404649	0.0101978	0.0414543	0.03	0.0	1.8	0.0	5.0	0.0	2.5	0.0	0.0438117	0.00291442	0.00140311	0.0157681	0.35495	0.0886081	0.231929	1.92026	0.0095991	0.178594	0.00997748	0.187858	1.0	0.0496059	1.05754	0.10281	0.279323	0.200702	0.864359	0.179543	0.494943	0.299019	0.0497713	0.0391341	0.245778	0.0915135	0.361619	0.236375	-488.76	185.767	17.8583	30.2867	9.04613	0.140181	0.0401795	1044.48	67.7459	
1.03-1.46	5.0-6.5	0.0-100.0	0.000-1.571	0.0-350.0	0.0-120.0	0.024	0.136	3013.0	2890.0	1991.38	50.7774	1021.63	40.1066	0.621151	0.12491	-0.05	0.0	0.264623	0.133881	3.08922	0.00100558	0.0218279	0.00472325	0.0456082	0.00409095	0.03	0.0	1.8	0.0	5.0	0.0	2.5	0.0	0.0406908	0.00216676	8.53723e-05	0.00300815	0.376892	0.0268733	0.160341	0.074455	-3.83887e-05	0.00838519	-0.0032538	0.00201243	1.72099	0.151054	0.793978	0.0419575	0.510015	0.107527	0.576226	0.167049	0.459282	0.0685757	0.0548605	0.021685	0.431795	0.0802741	0.19428	0.0484632	-4448.32	1625.83	50.0117	365.545	29.4857	0.183564	0.0140474	1002.11	50.0262	
1.03-1.46	6.5-7.5	0.0-100.0	0.000-1.571	0.0-350.0	0.0-120.0	0.024	0.145	2102.0	2078.0	1637.6	45.1099	464.328	29.3543	-0.718016	0.190385	-0.05	0.0	0.665683	0.291049	3.09097	0.00107967	0.0423733	0.00320266	0.0282735	0.00834305	0.03	0.0	1.8	0.0	5.0	0.0	2.5	0.0	0.0382424	0.0024597	0.000290508	0.0038785	0.357553	0.0233622	0.326812	0.416392	-0.00246373	0.00892308	0.00123487	0.00549691	1.23782	0.0746471	0.865445	0.258587	0.703647	0.0987128	0.886942	0.152168	0.423981	0.083148	0.0613733	0.0341828	0.417222	0.0586739	0.263858	0.216205	-3984.22	1272.59	41.908	365.018	25.0704	0.222898	0.014024	1002.47	111.746	
1.03-1.46	7.5-8.5	0.0-100.0	0.000-1.571	0.0-350.0	0.0-120.0	0.016	0.088	1602.0	1584.0	1290.73	38.7335	311.295	22.8194	-0.783749	0.231454	-0.05	0.0	0.436903	0.212014	3.09011	0.00117281	0.0299977	0.00359336	0.0439856	0.00480353	0.03	0.0	1.8	0.0	5.0	0.0	2.5	0.0	0.0385045	0.00218865	0.000108899	0.000664074	0.38822	0.0290123	0.217326	0.11144	-0.00697017	0.00567709	0.00252071	0.00192499	1.45321	0.102038	0.7869	0.0624987	1.0	9.81228	0.899266	0.138397	0.405144	0.0984667	0.00982377	5.51238e-08	0.399904	0.0806734	0.187291	0.221352	-3313.16	1026.37	36.1736	264.355	20.562	0.204811	0.0146972	971.388	50.003	
1.03-1.46	8.5-10.0	0.0-100.0	0.000-1.571	0.0-350.0	0.0-120.0	0.016	0.088	1563.0	1557.0	1315.85	38.4984	247.099	20.3336	-1.14057	0.271126	-0.05	0.0	0.478632	0.171751	3.09342	0.00115329	0.0277451	0.00393505	0.0502676	0.00578422	0.03	0.0	1.8	0.0	5.0	0.0	2.5	0.0	0.0410592	0.00268122	1.55013e-05	0.00459215	0.348837	0.0251802	0.393733	0.201336	0.00180142	0.00428565	0.000587826	0.00276567	1.39946	0.088092	0.816851	0.0798946	0.91417	0.117848	0.925499	0.0686042	0.374138	0.0908461	0.0316639	0.0316513	0.41065	0.0524463	0.309179	0.258475	-3390.74	1024.68	35.9181	291.167	21.5383	0.221277	0.0150337	1084.27	66.5351	
1.46-1.93	0.0-3.0	0.0-100.0	0.000-1.571	0.0-350.0	0.0-120.0	0.064	0.248	3933.0	3459.0	779.245	37.9821	3153.69	53.886	0.43211	0.05891	-0.05	0.0	0.929999	0.728575	3.08929	0.00202586	0.0425448	0.00497273	0.0192763	0.0375425	0.03	0.0	1.8	0.0	5.0	0.0	2.5	0.0	0.0413445	0.00679693	4.61551e-05	0.0107129	0.373519	0.401566	0.0212657	0.0239087	0.00999995	0.0155908	-0.00641666	0.0117323	3.40636	1.00573	0.935181	0.0461103	0.9	0.0	0.9	0.0	0.29	0.0	0.05	0.0	0.42	0.0	0.1	0.0	-1e+30	722.354	286.106	56.8903	283.945	0.073007	0.364368	1050.1	73.0508	
1.46-1.93	10.0-14.0	0.0-100.0	0.000-1.571	0.0-350.0	0.0-120.0	0.016	0.08	1681.0	1639.0	1370.4	40.3559	310.676	23.8511	-1.25528	0.245383	-0.05	0.0	0.603626	0.103963	3.09043	0.00129853	0.0343223	0.00263335	0.0599998	0.00906117	0.03	0.0	1.8	0.0	5.0	0.0	2.5	0.0	0.0462387	0.00276251	1.00437e-05	0.00459465	0.354066	0.0204953	0.237677	0.129593	0.00158384	0.00427848	0.000565712	0.00142415	1.50577	0.105113	0.819971	0.0627039	0.9988	0.869281	0.683236	0.105347	0.160574	0.0637275	0.0713954	0.399945	0.408852	0.0451542	0.0851382	0.0216651	-3044.14	944.737	35.5419	425.664	25.4236	0.310613	0.0161402	1025.4	56.9331	
1.46-1.93	14.0-30.0	0.0-100.0	0.000-1.571	0.0-350.0	0.0-120.0	0.008	0.056	570.0	552.0	453.625	23.1817	116.285	14.144	-0.909412	0.382309	-0.05	0.0	0.929283	0.84128	3.09403	0.0023907	0.044694	0.00354873	0.0599929	0.0498821	0.03	0.0	1.8	0.0	5.0	0.0	2.5	0.0	0.0459436	0.00785058	0.000111357	0.00454808	0.436312	0.0368095	0.399991	0.313902	-0.0014424	0.0039873	0.00031398	0.00249663	1.32701	0.112113	0.767244	0.0846349	1.0	0.0946413	0.916976	0.107865	0.317568	0.0907108	0.0423822	0.0130202	0.408604	0.0664829	0.0485551	0.052259	-967.06	278.769	18.7962	174.856	15.1722	0.385463	0.0270304	1028.38	95.909	
1.46-1.93	3.0-4.0	0.0-100.0	0.000-1.571	0.0-350.0	0.0-120.0	0.048	0.264	6566.0	6518.0	2512.94	71.1451	4053.05	81.2371	-0.780363	0.0636788	-0.05	0.0	0.49405	0.220433	3.08649	0.00120559	0.0538843	0.00639537	0.0348547	0.00412718	0.03	0.0	1.8	0.0	5.0	0.0	2.5	0.0	0.0452674	0.00289982	1.00829e-05	0.00459464	0.372032	0.0317628	0.0248547	0.0206417	0.00993023	0.0142242	0.00340202	0.00263121	2.85897	0.325544	0.934274	0.0321049	0.999999	3.10767	0.221851	0.0512057	0.755363	0.0257569	0.0322749	5.30525e-07	0.521864	0.0762487	0.197753	0.0236154	-5542.01	2180.64	69.0541	332.305	32.3346	0.132237	0.0123105	1026.8	40.9395	
1.46-1.93	4.0-5.0	0.0-100.0	0.000-1.571	0.0-350.0	0.0-120.0	0.04	0.289	7253.0	7245.0	3653.66	88.7925	3599.4	88.4727	-0.928898	0.0712067	-0.05	0.0	0.166366	0.0952472	3.08955	0.000955178	0.0796247	0.0198491	0.0402454	0.00206309	0.03	0.0	1.8	0.0	5.0	0.0	2.5	0.0	0.0490409	0.00359693	1.31527e-05	0.00459322	0.335025	0.0203675	0.0185394	0.00909931	0.00999941	0.0166614	0.00225584	0.0015723	2.75343	0.401839	0.906517	0.01626	0.271199	0.0655286	0.554768	0.085151	0.517041	0.0603993	0.0260076	5.94738e-07	0.582484	0.066133	0.153391	0.0173115	-8097.83	3090.2	82.9608	563.46	37.817	0.154218	0.00964805	973.187	20.3954	
1.46-1.93	5.0-6.5	0.0-100.0	0.000-1.571	0.0-350.0	0.0-120.0	0.024	0.209	8781.0	8729.0	5651.77	89.4449	3129.23	74.0095	-0.849407	0.0738962	-0.05	0.0	0.22	0.0431535	3.08962	0.000718196	0.0595591	0.00572849	0.040848	0.00109933	0.03	0.0	1.8	0.0	5.0	0.0	2.5	0.0	0.0456276	0.00101055	1.19425e-05	0.00459378	0.373684	0.0167089	0.158153	0.040809	0.00999973	0.016918	0.000668246	0.00117148	1.72943	0.0684768	0.818729	0.0238565	0.60686	0.268421	0.479574	0.308672	0.515564	0.251269	0.0184177	0.454514	0.459305	0.167341	0.161133	0.0809445	-12023.6	4755.48	86.5285	896.296	44.9922	0.158587	0.00755474	1018.49	26.269	
1.46-1.93	6.5-7.5	0.0-100.0	0.000-1.571	0.0-350.0	0.0-120.0	0.024	0.168	3673.0	3658.0	2683.0	60.7946	989.98	44.7462	-0.457998	0.134532	-0.05	0.0	0.324058	0.254061	3.09117	0.0010278	0.0487482	0.00776408	0.0429984	0.00417068	0.03	0.0	1.8	0.0	5.0	0.0	2.5	0.0	0.0449423	0.00205828	7.59216e-05	0.0149182	0.340669	0.0204927	0.0674736	0.0248183	0.00999921	0.0198827	-0.00282088	0.0012221	1.97401	0.176923	0.858138	0.0254987	0.994702	0.604544	0.642258	0.931907	0.557006	0.0780994	0.0513809	1.14422	0.39476	0.0969692	0.170677	0.161097	-6003.75	2162.82	57.2418	520.18	31.8403	0.19388	0.0110243	974.494	25.7037	
1.46-1.93	7.5-8.5	0.0-100.0	0.000-1.571	0.0-350.0	0.0-120.0	0.024	0.152	2352.0	2341.0	1836.87	48.4134	515.083	31.9627	-0.775526	0.182122	-0.05	0.0	0.594446	0.250403	3.09274	0.00114522	0.0407396	0.00405277	0.0463729	0.0074687	0.03	0.0	1.8	0.0	5.0	0.0	2.5	0.0	0.043113	0.00211116	1.02212e-05	0.000164514	0.388412	0.0262688	0.0387785	0.017285	0.00999935	0.0177969	0.00165706	0.00123678	2.71917	0.505664	0.90523	0.0248923	0.874906	0.145226	0.850474	0.27047	0.452623	0.0520154	0.164773	0.070314	0.498	0.0695442	0.144074	0.102259	-4140.09	1466.28	44.8679	370.591	24.7997	0.201752	0.0124098	1036.53	39.012	
1.46-1.93	8.5-10.0	0.0-100.0	0.000-1.571	0.0-350.0	0.0-120.0	0.024	0.12	1990.0	1962.0	1639.63	52.8546	350.361	38.7771	-1.2732	0.303871	-0.05	0.0	0.07	0.048775	3.09218	0.00123803	0.10008	0.0404455	0.0412247	0.00107438	0.03	0.0	1.8	0.0	5.0	0.0	2.5	0.0	0.0477664	0.00367286	2.9363e-05	0.00458577	0.368728	0.0236132	0.0509369	0.0301289	-0.00999999	0.0146472	0.0011191	0.00118197	2.88837	0.32897	0.924094	0.0313496	0.999972	0.206687	0.754174	0.115688	0.305402	0.0936054	0.119009	0.77967	0.355846	0.0377275	0.071095	0.033178	-3716.61	1254.01	46.9569	385.623	26.9331	0.235188	0.0145721	1111.49	56.5903	
1.93-2.4	0.0-3.0	0.0-100.0	0.000-1.571	0.0-350.0	0.0-120.0	0.08	0.448	25169.0	22381.0	7051.33	140.621	18118.0	175.588	0.354371	0.0291693	-0.05	0.0	0.680002	0.160674	3.0877	0.00103596	0.0591931	0.00356776	0.0448311	0.00490722	0.03	0.0	1.8	0.0	5.0	0.0	2.5	0.0	0.0550068	0.00181761	0.000168946	0.00163793	0.349974	0.0447833	0.12661	0.0789506	-0.00999998	0.0194501	0.000995649	0.00346552	2.00195	0.0507642	0.830378	0.0370754	0.467107	0.0270704	0.839432	0.0181432	0.444578	0.0535343	0.117373	0.0156275	0.175926	0.0221137	0.980095	0.0984983	-37.6547	6372.34	162.159	678.987	101.634	0.0962921	0.0142849	1053.4	63.7641	
1.93-2.4	10.0-14.0	0.0-100.0	0.000-1.571	0.0-350.0	0.0-120.0	0.016	0.088	935.0	921.0	814.881	35.6746	120.109	24.0426	-2.29893	0.671742	-0.05	0.0	0.230434	0.0834339	3.09238	0.0024178	0.119588	0.023136	0.0510471	0.00364999	0.03	0.0	1.8	0.0	5.0	0.0	2.5	0.0	0.0728068	0.00560064	1.2748e-05	0.00459341	0.344449	0.0266052	0.346869	0.336688	0.00717132	0.0051891	-0.00772748	0.00328302	1.24489	0.0921949	0.706847	0.106263	0.88128	0.100965	0.93031	0.0637901	0.431468	0.0909171	0.0892377	0.0653971	0.375716	0.0820534	0.999995	0.934155	-1547.77	567.776	30.3345	247.105	20.4783	0.303241	0.0213377	929.456	100.991	
1.93-2.4	14.0-30.0	0.0-100.0	0.000-1.571	0.0-350.0	0.0-120.0	0.008	0.08	311.0	308.0	210.133	16.1584	100.933	12.3243	-0.753468	0.402836	-0.05	0.0	0.92999	0.574039	3.09014	0.00441129	0.0549839	0.00412833	0.055665	0.048169	0.03	0.0	1.8	0.0	5.0	0.0	2.5	0.0	0.0550318	0.00257415	0.000125547	0.00454156	0.312574	0.0447002	0.399846	0.394762	-0.00999585	0.018622	0.00543849	0.00331788	1.0	0.0370498	0.983069	0.10435	0.999999	4.84789	0.715391	0.0951726	0.331676	0.067068	0.0652072	1.7982	0.547764	0.0801111	0.06779	0.0248951	-440.789	136.95	13.8508	73.1824	10.6119	0.348267	0.0428156	989.874	32.1601	
1.93-2.4	3.0-4.0	0.0-100.0	0.000-1.571	0.0-350.0	0.0-120.0	0.056	0.24	8838.0	8784.0	3857.0	88.4404	4980.96	94.5694	-0.997594	0.0594458	-0.05	0.0	0.588066	0.228154	3.08884	0.00111915	0.058974	0.00487653	0.0404252	0.00568544	0.03	0.0	1.8	0.0	5.0	0.0	2.5	0.0	0.0521386	0.00274281	1.0853e-05	0.00459428	0.380978	0.0265636	0.0418374	0.0202113	-0.00877196	0.0105853	-0.000258389	0.00220095	2.52894	0.226635	0.876546	0.0195083	0.736115	0.0987529	0.216286	0.0491114	0.363388	0.119841	0.246104	0.0655531	0.42763	0.0433734	0.0712476	0.0165837	-7184.1	3329.36	87.298	527.649	44.0374	0.136803	0.0109781	1001.88	31.8669	
1.93-2.4	4.0-5.0	0.0-100.0	0.000-1.571	0.0-350.0	0.0-120.0	0.04	0.209	5711.0	5687.0	3142.15	72.2763	2568.86	68.1879	-1.1692	0.0841677	-0.05	0.0	0.729714	0.143151	3.08912	0.00114831	0.0581336	0.00382614	0.0348754	0.00511503	0.03	0.0	1.8	0.0	5.0	0.0	2.5	0.0	0.0528661	0.00217	8.39255e-05	0.0200058	0.409852	0.0265185	0.157054	0.0675348	0.00999997	0.00166519	-0.0037301	0.00220337	1.55559	0.163756	0.828658	0.0364294	0.631618	0.20812	0.486281	0.224821	0.664534	0.0624798	0.0547783	0.0443987	0.387992	0.0673976	0.162395	0.0353718	-6318.03	2677.95	69.8463	464.193	34.6135	0.147731	0.0104786	979.223	38.4597	
1.93-2.4	5.0-6.5	0.0-100.0	0.000-1.571	0.0-350.0	0.0-120.0	0.032	0.192	4684.0	4673.0	3097.46	75.1441	1586.85	64.2785	-1.37538	0.109112	-0.05	0.0	0.281141	0.433163	3.08902	0.00128384	0.0522046	0.0297502	0.0551324	0.0127411	0.03	0.0	1.8	0.0	5.0	0.0	2.5	0.0	0.0543252	0.00617597	1.46435e-05	0.00459254	0.372812	0.0232655	0.168185	0.0461611	0.00999975	0.0180082	0.00214504	0.00137637	1.70397	0.0864236	0.796277	0.0275798	0.477119	0.11867	0.636675	0.13828	0.439516	0.115732	0.0367178	0.0197256	0.412533	0.0519182	0.13211	0.0319275	-6280.85	2626.16	71.0293	471.292	33.4192	0.152155	0.0101382	1007.84	30.1398	
1.93-2.4	6.5-7.5	0.0-100.0	0.000-1.571	0.0-350.0	0.0-120.0	0.032	0.12	1819.0	1780.0	1376.8	44.8415	442.118	32.8017	-0.965382	0.206574	-0.05	0.0	0.424164	0.118525	3.08883	0.00162893	0.0808613	0.0100418	0.0372709	0.00416644	0.03	0.0	1.8	0.0	5.0	0.0	2.5	0.0	0.0597773	0.003921	9.15272e-05	0.0045572	0.31365	0.0296094	0.199408	0.135909	-0.00999981	0.0151316	-0.00131168	0.002772	1.31717	0.222382	0.779504	0.0563865	0.999996	4.41505	0.737012	0.100576	0.579647	0.0629651	0.0071388	2.02274	0.41215	0.0360524	0.096462	0.0279636	-2886.21	1100.38	47.7265	276.429	32.7793	0.200776	0.0228926	912.372	56.205	
1.93-2.4	7.5-8.5	0.0-100.0	0.000-1.571	0.0-350.0	0.0-120.0	0.024	0.128	1140.0	1129.0	855.328	33.1307	284.664	22.9571	-0.941011	0.251273	-0.05	0.0	0.179343	0.190245	3.08913	0.00211182	0.0286291	0.0116531	0.0573792	0.00669157	0.03	0.0	1.8	0.0	5.0	0.0	2.5	0.0	0.0533751	0.00372583	0.000151796	0.00452949	0.376428	0.0382687	0.4	0.0440696	0.00999994	0.001584	-0.00739492	0.00237511	1.35917	0.0918041	0.687413	0.0411337	0.625693	0.123821	0.951501	0.0390008	0.394623	0.123061	0.0437687	0.0165534	0.383599	0.0561512	0.740721	0.760516	-1723.79	675.316	31.2916	180.012	18.5348	0.210459	0.0200779	1011.17	30.0642	
1.93-2.4	8.5-10.0	0.0-100.0	0.000-1.571	0.0-350.0	0.0-120.0	0.024	0.112	976.0	972.0	789.293	31.926	186.793	20.4132	-1.94215	0.348294	-0.05	0.0	0.190755	0.226922	3.09313	0.00232518	0.0462666	0.0160984	0.0599999	0.00549515	0.03	0.0	1.8	0.0	5.0	0.0	2.5	0.0	0.0576333	0.00299016	0.000372224	0.00441542	0.482876	0.0442236	0.349147	0.0998468	0.00799668	0.00384091	0.00396958	0.00259964	1.69771	0.120282	0.809	0.0492386	0.423301	0.0587289	0.926737	0.037797	0.0100004	0.616849	0.0123696	0.00588193	0.310169	0.0789381	0.999999	0.22459	-1476.21	612.959	29.2042	176.333	17.0011	0.223407	0.0195525	1196.78	56.2454	
