../pPb_8rap9pt_20150106
rap	pT	cent	dPhi	ntrk	Et	ctauErrMin	ctauErrMax	NoCutEntry	CutEntry	NSig	NSigErr	NBkg	NBkgErr	coefExp	coefExpErr	coefPol1	coefPol1Err	coeffGaus	coeffGausErr	meanSig1	meanSig1Err	sigmaSig1	sigmaSig1Err	sigmaSig2	sigmaSig2Err	sigmaSig3	sigmaSig3Err	alpha	alphaErr	enne	enneErr	enneW	enneWErr	sigWidth	sigWidthErr	Gmc	GmcErr	bTau	bTauErr	fracRes	fracResErr	meanResSigW	meanResSigWErr	meanResSigN	meanResSigNErr	sigmaResSigW	sigmaResSigWErr	sigmaResSigN	sigmaResSigNErr	fpm	fpmErr	fLiving	fLivingErr	fbkgCtTot	fbkgCtTotErr	lambdam	lambdamErr	lambdap	lambdapErr	lambdasym	lambdasymErr	NLL	PROMPT	PROMPTErr	NON-PROMPT	NON-PROMPTErr	Bfraction	BfractionErr	Resolution	ResolutionErr	
-0.43-0.47	0.0-3.0	0.0-100.0	0.000-1.571	0.0-350.0	0.0-120.0	0.0	0.008	0.0	0.0	0.0	0.0	1.47684	0.345268	-2.14033	0.937231	-0.05	0.0	0.1	0.183879	3.0975	0.0420209	0.02	0.0303397	0.03	0.0206117	0.03	0.0	1.8	0.0	5.0	0.0	2.5	0.0	0.0291548	0.00963307	9.69486e-05	0.00190305	0.04	0.213759	0.00850123	0.111603	0.0	0.00841471	0.0	0.00841471	2.3	1.25094	0.8	0.206117	0.9	0.252441	0.707205	0.252441	0.29	0.375187	0.05	0.119743	0.42	0.389811	0.1	0.251176	8.0	0.0	nan	0.0	nan	0.073007	0.364368	824.337	186.612	
-0.43-0.47	10.0-14.0	0.0-100.0	0.000-1.571	0.0-350.0	0.0-120.0	0.008	0.056	2328.0	2327.0	1923.74	45.2242	404.224	22.9273	-1.09386	0.201243	-0.05	0.0	0.190041	0.161404	3.09352	0.000524664	0.0123198	0.00312692	0.0222169	0.00193112	0.03	0.0	1.8	0.0	5.0	0.0	2.5	0.0	0.0207035	0.001086	5.02353e-05	0.00457618	0.38333	0.0174617	0.4	0.251563	-0.000680711	0.00243581	-0.000783619	0.00159908	1.3173	0.059421	0.82584	0.0404546	0.978013	0.0277996	0.79784	0.0757152	0.160627	0.0644461	0.361163	0.400849	0.345891	0.0317621	0.0676846	0.037844	-5692.53	1302.1	39.3377	621.641	28.7058	0.323141	0.0128435	1050.39	65.4991	
-0.43-0.47	14.0-30.0	0.0-100.0	0.000-1.571	0.0-350.0	0.0-120.0	0.008	0.04	1120.0	1119.0	911.86	31.2203	208.09	16.461	-2.17454	0.309887	-0.05	0.0	0.286783	0.203399	3.09266	0.000786172	0.0133764	0.00286894	0.024769	0.00332105	0.03	0.0	1.8	0.0	5.0	0.0	2.5	0.0	0.0221105	0.00167957	1.31112e-05	0.00527962	0.377867	0.0215838	0.0276366	0.0250327	0.00999993	0.0153295	-1.18262e-05	0.000758325	3.99997	2.67847	0.927071	0.030585	0.904231	0.758945	0.883424	0.758258	0.0100696	0.841957	0.0070724	0.0162967	0.370855	0.0399216	0.00720089	0.00993246	-2499.57	540.736	25.035	371.124	21.1056	0.406997	0.0184809	1130.44	155.967	
-0.43-0.47	3.0-4.0	0.0-100.0	0.000-1.571	0.0-350.0	0.0-120.0	0.0	0.008	0.0	0.0	0.0	0.0	1.47684	0.345268	-2.14033	0.937231	-0.05	0.0	0.1	0.183879	3.0975	0.0420209	0.02	0.0303397	0.03	0.0206117	0.03	0.0	1.8	0.0	5.0	0.0	2.5	0.0	0.0291548	0.00963307	9.69486e-05	0.00190305	0.04	0.213759	0.00850123	0.111603	0.0	0.00841471	0.0	0.00841471	2.3	1.25094	0.8	0.206117	0.9	0.252441	0.707205	0.252441	0.29	0.375187	0.05	0.119743	0.42	0.389811	0.1	0.251176	8.0	0.0	nan	0.0	nan	0.073007	0.364368	824.337	186.612	
-0.43-0.47	4.0-5.0	0.0-100.0	0.000-1.571	0.0-350.0	0.0-120.0	0.0	0.008	0.0	0.0	0.0	0.0	1.47684	0.345268	-2.14033	0.937231	-0.05	0.0	0.1	0.183879	3.0975	0.0420209	0.02	0.0303397	0.03	0.0206117	0.03	0.0	1.8	0.0	5.0	0.0	2.5	0.0	0.0291548	0.00963307	9.69486e-05	0.00190305	0.04	0.213759	0.00850123	0.111603	0.0	0.00841471	0.0	0.00841471	2.3	1.25094	0.8	0.206117	0.9	0.252441	0.707205	0.252441	0.29	0.375187	0.05	0.119743	0.42	0.389811	0.1	0.251176	8.0	0.0	nan	0.0	nan	0.073007	0.364368	824.337	186.612	
-0.43-0.47	5.0-6.5	0.0-100.0	0.000-1.571	0.0-350.0	0.0-120.0	0.024	0.056	37.0	37.0	28.5032	5.51381	8.49931	3.22526	0.996623	3.91532	-0.05	0.0	0.694011	0.278045	3.09731	0.00365325	0.0230482	0.00653227	0.01	0.0107927	0.03	0.0	1.8	0.0	5.0	0.0	2.5	0.0	0.0199818	0.00312558	0.00540039	0.0142304	0.01	0.0167096	0.19039	0.165111	0.00999993	0.0178252	-0.00927683	0.0176063	1.28221	0.501951	0.774322	0.134214	0.9	0.252441	0.707205	0.252441	0.29	0.375187	0.05	0.119743	0.42	0.389811	0.1	0.251176	-111.087	12.4067	6.62283	16.0965	6.91358	0.564727	0.216561	893.553	96.1571	
-0.43-0.47	6.5-7.5	0.0-100.0	0.000-1.571	0.0-350.0	0.0-120.0	0.016	0.056	563.0	561.0	492.059	22.6656	70.9396	9.62398	-1.47095	0.487069	-0.05	0.0	0.307202	0.180415	3.09259	0.000973165	0.0278337	0.00404146	0.0163612	0.00184559	0.03	0.0	1.8	0.0	5.0	0.0	2.5	0.0	0.0205779	0.00148272	3.99867e-05	0.0123641	0.405404	0.0431838	0.399888	0.266374	-0.01	0.000554278	0.00998303	0.0164188	1.00001	0.201481	0.922133	0.0691028	0.706527	0.0804115	0.999992	0.90884	0.302814	0.078764	0.157282	0.0493645	0.469095	0.0848856	0.210139	1.14117	-1551.02	379.412	20.6683	112.647	12.1928	0.22893	0.0224233	954.037	47.8943	
-0.43-0.47	7.5-8.5	0.0-100.0	0.000-1.571	0.0-350.0	0.0-120.0	0.016	0.056	1137.0	1136.0	943.533	31.8598	193.462	16.2748	-0.953433	0.288419	-0.05	0.0	0.158796	0.132704	3.0942	0.000732124	0.032855	0.00722008	0.0182808	0.00150553	0.03	0.0	1.8	0.0	5.0	0.0	2.5	0.0	0.0212728	0.00155914	3.21822e-05	0.00458448	0.337365	0.0250552	0.399996	0.401975	0.00393051	0.0047873	-0.00494378	0.00285045	1.28023	0.0789085	0.826136	0.0887429	0.779481	0.0606551	0.999641	0.997572	0.30487	0.0605949	0.144625	0.0422193	0.468447	0.0642678	0.153502	0.756709	-2831.14	688.283	28.9755	255.25	19.3319	0.270526	0.0183399	1032.03	97.5291	
-0.43-0.47	8.5-10.0	0.0-100.0	0.000-1.571	0.0-350.0	0.0-120.0	0.016	0.064	1540.0	1540.0	1282.07	36.9364	257.854	18.4428	-0.821158	0.247897	-0.05	0.0	0.187466	0.151816	3.09391	0.000619374	0.0113171	0.00309016	0.021814	0.0019769	0.03	0.0	1.8	0.0	5.0	0.0	2.5	0.0	0.0202646	0.00109448	1.28969e-05	0.00459334	0.399056	0.0258864	0.328333	0.357855	0.00144001	0.00403944	6.21248e-06	0.0016712	1.40694	0.0768493	0.798713	0.109204	0.935428	0.0334314	0.720582	0.0585702	0.0100011	0.224751	0.194437	0.0913346	0.43232	0.0470259	0.0242639	0.00972969	-3952.63	965.032	33.5842	317.043	20.9368	0.247289	0.0146944	1038.47	120.187	
-1.03--0.43	0.0-3.0	0.0-100.0	0.000-1.571	0.0-350.0	0.0-120.0	0.0	0.008	0.0	0.0	0.0	0.0	1.47684	0.345268	-2.14033	0.937231	-0.05	0.0	0.1	0.183879	3.0975	0.0420209	0.02	0.0303397	0.03	0.0206117	0.03	0.0	1.8	0.0	5.0	0.0	2.5	0.0	0.0291548	0.00963307	9.69486e-05	0.00190305	0.04	0.213759	0.00850123	0.111603	0.0	0.00841471	0.0	0.00841471	2.3	1.25094	0.8	0.206117	0.9	0.252441	0.707205	0.252441	0.29	0.375187	0.05	0.119743	0.42	0.389811	0.1	0.251176	8.0	0.0	nan	0.0	nan	0.073007	0.364368	824.337	186.612	
-1.03--0.43	10.0-14.0	0.0-100.0	0.000-1.571	0.0-350.0	0.0-120.0	0.008	0.048	1601.0	1600.0	1381.29	38.5427	219.884	18.0061	-1.87207	0.300418	-0.05	0.0	0.275804	0.183748	3.09482	0.000804431	0.0170924	0.00384327	0.0314969	0.00340703	0.03	0.0	1.8	0.0	5.0	0.0	2.5	0.0	0.0282669	0.00181276	5.72087e-05	0.00457297	0.353081	0.0203044	0.0857789	0.0761082	-0.00639176	0.00615051	-0.000145918	0.000959596	1.67988	0.210773	0.887871	0.0393032	0.903231	0.00730362	1.0	10.7197	0.197593	0.00946318	0.0924153	0.00683112	0.466637	0.0102135	0.173813	12.3389	-3931.76	964.481	33.9902	416.813	23.7978	0.301755	0.0150309	981.205	45.3769	
-1.03--0.43	14.0-30.0	0.0-100.0	0.000-1.571	0.0-350.0	0.0-120.0	0.008	0.032	720.0	715.0	594.878	25.8656	125.109	14.1167	-2.11859	0.414157	-0.05	0.0	0.894631	0.0544645	3.0924	0.00127257	0.0268893	0.00138259	0.0599999	0.0339941	0.03	0.0	1.8	0.0	5.0	0.0	2.5	0.0	0.032034	0.00360798	6.14979e-05	0.000357341	0.37918	0.0260946	0.0339871	0.0324837	0.00999983	0.0125161	0.00096499	0.000915126	2.62195	0.71127	0.932943	0.0427009	0.842511	0.145146	0.999802	3.95529	0.0873886	0.183244	0.0155773	0.0147962	0.473974	0.0641177	0.00775521	0.00110608	-1490.09	344.194	20.1583	250.684	17.3548	0.421405	0.022702	1036.56	59.0943	
-1.03--0.43	3.0-4.0	0.0-100.0	0.000-1.571	0.0-350.0	0.0-120.0	0.16	0.168	4.0	1.0	0.4	0.0	10003.6	108065.0	-1.0	1.68294	-0.05	0.0	0.1	0.183879	3.0975	0.0420209	0.02	0.0303397	0.03	0.0206117	0.03	0.0	1.8	0.0	5.0	0.0	2.5	0.0	0.0291548	0.00963307	0.000110599	0.00556928	0.04	0.213759	0.00850123	0.111603	0.0	0.00841471	0.0	0.00841471	2.3	1.25094	0.8	0.206117	0.9	0.252441	0.707205	0.252441	0.29	0.375187	0.05	0.119743	0.42	0.389811	0.1	0.251176	0.0	0.370797	0.145747	0.0292028	0.145747	0.073007	0.364368	824.337	186.612	
-1.03--0.43	4.0-5.0	0.0-100.0	0.000-1.571	0.0-350.0	0.0-120.0	0.152	0.16	22.0	3.0	-1.4	0.0	20.0837	4.61323	0.99996	0.385606	-0.05	0.0	0.929461	0.618876	3.13071	0.0118634	0.0100047	0.0887682	0.0100008	0.0252413	0.03	0.0	1.8	0.0	5.0	0.0	2.5	0.0	0.0100045	0.041264	0.000110599	0.00556928	0.04	0.213759	0.00850123	0.111603	0.0	0.00841471	0.0	0.00841471	2.3	1.25094	0.8	0.206117	0.563859	0.367717	0.999793	0.515679	0.010008	0.987855	0.0430034	0.0620156	0.094978	0.0688736	0.0449562	0.495049	-1e+30	-1.29779	-0.510115	-0.10221	-0.510115	0.073007	0.364368	824.337	186.612	
-1.03--0.43	5.0-6.5	0.0-100.0	0.000-1.571	0.0-350.0	0.0-120.0	0.024	0.073	216.0	202.0	146.332	12.9067	69.6949	9.48261	0.999995	0.218623	-0.05	0.0	0.0707862	0.518838	3.0889	0.00248916	0.0341543	0.0218071	0.0250794	0.00257438	0.03	0.0	1.8	0.0	5.0	0.0	2.5	0.0	0.0258268	0.00311112	6.43081e-05	0.00456971	0.484395	0.099647	0.331605	0.330139	-0.00999958	0.0187041	0.00999997	0.0198474	1.0	0.20317	0.721046	0.127939	0.215786	0.114916	0.801042	0.140946	0.01	0.88609	0.0106251	0.0100022	0.332663	0.160786	0.161988	0.117038	-424.079	114.888	11.8531	31.4438	6.74557	0.21488	0.0420214	824.08	73.3657	
-1.03--0.43	6.5-7.5	0.0-100.0	0.000-1.571	0.0-350.0	0.0-120.0	0.016	0.073	709.0	707.0	592.31	25.5252	116.624	13.2635	0.361128	0.364445	-0.05	0.0	0.169929	0.0670313	3.08995	0.00126861	0.010604	0.00307844	0.0343461	0.002293	0.03	0.0	1.8	0.0	5.0	0.0	2.5	0.0	0.031596	0.0011825	2.06137e-05	0.0045898	0.413612	0.0486297	0.271261	0.120559	0.00624612	0.00594203	-0.00429345	0.0027647	1.25665	0.167985	0.747229	0.0590133	0.999965	0.790838	0.411146	0.138985	0.212555	0.13497	0.179176	0.397268	0.478164	0.130665	0.0955236	0.029678	-1641.36	479.258	24.6432	113.052	14.2991	0.190865	0.0226969	913.927	49.2327	
-1.03--0.43	7.5-8.5	0.0-100.0	0.000-1.571	0.0-350.0	0.0-120.0	0.016	0.064	924.0	922.0	790.846	29.3474	133.148	14.2681	-0.643865	0.350488	-0.05	0.0	0.184498	0.057673	3.09337	0.00110446	0.055	0.00400941	0.0242927	0.00145285	0.03	0.0	1.8	0.0	5.0	0.0	2.5	0.0	0.0322391	0.00133536	1.56708e-05	0.00205812	0.334491	0.030037	0.00674148	0.0465597	0.00999994	0.0197714	-0.00112008	0.00133654	4.0	0.350093	0.945307	0.0328305	0.968134	0.790327	0.720044	0.277967	0.194377	0.161992	0.041064	0.0730651	0.491749	0.0885402	0.044658	0.0285062	-2196.75	595.663	26.6879	195.183	16.6163	0.246803	0.0189096	997.72	176.978	
-1.03--0.43	8.5-10.0	0.0-100.0	0.000-1.571	0.0-350.0	0.0-120.0	0.016	0.056	1189.0	1189.0	993.009	32.7575	195.994	16.6158	-1.7158	0.306504	-0.05	0.0	0.390001	0.351333	3.09235	0.00096793	0.0207081	0.00184735	0.0332472	0.00193151	0.03	0.0	1.8	0.0	5.0	0.0	2.5	0.0	0.029009	0.00217213	1.07886e-05	0.00459431	0.428328	0.0299072	0.0654572	0.0885261	0.0099992	0.0177973	-0.00220534	0.00156841	1.0	0.249574	0.973088	0.0421308	0.929855	0.0442094	0.730074	0.0703425	0.0100204	0.689981	0.140625	0.0746323	0.441887	0.0547418	0.0171196	0.0132781	-2747.34	736.918	29.0411	256.09	17.9944	0.257893	0.016	974.872	21.3962	
-1.46--1.03	0.0-3.0	0.0-100.0	0.000-1.571	0.0-350.0	0.0-120.0	0.088	0.096	9.0	4.0	5.35538	2.72031	3.64223	2.38489	0.999998	0.797299	-0.05	0.0	0.447102	0.280988	3.07807	0.00649399	0.01	0.00231799	0.0599999	0.0371905	0.03	0.0	1.8	0.0	5.0	0.0	2.5	0.0	0.0451125	0.0147207	0.000110599	0.00556928	0.036005	0.0297877	0.00850123	0.111603	0.0	0.00841471	0.0	0.00841471	1.0	2.5858	0.8	0.206117	0.9	0.252441	0.707205	0.252441	0.29	0.375187	0.05	0.119743	0.42	0.389811	0.1	0.251176	-17.9204	0.0	nan	5.35538	4.89882	1.0	0.76075	801.91	103.616	
-1.46--1.03	10.0-14.0	0.0-100.0	0.000-1.571	0.0-350.0	0.0-120.0	0.016	0.056	1144.0	1131.0	987.654	33.3176	156.326	16.6968	-1.29194	0.340197	-0.05	0.0	0.48	0.247991	3.08962	0.00131556	0.0266751	0.00174937	0.0510892	0.00303976	0.03	0.0	1.8	0.0	5.0	0.0	2.5	0.0	0.0412165	0.00303134	2.82697e-05	0.00458628	0.3499	0.0238302	0.34437	0.480062	0.00812951	0.0234979	-0.00756059	0.00654125	1.17432	0.0976453	0.854559	0.107366	0.887851	0.0858437	0.958184	0.0458811	0.165069	0.0925167	0.0359182	0.0259152	0.401362	0.0521287	0.389294	0.341415	-2399.5	686.489	29.1693	301.165	20.4394	0.304929	0.0179573	976.567	87.8293	
-1.46--1.03	14.0-30.0	0.0-100.0	0.000-1.571	0.0-350.0	0.0-120.0	0.008	0.04	375.0	374.0	305.04	18.368	69.9648	10.1157	-2.38779	0.582085	-0.05	0.0	0.855147	0.104534	3.09612	0.00258062	0.046632	0.00383168	0.016876	0.00606693	0.03	0.0	1.8	0.0	5.0	0.0	2.5	0.0	0.0435982	0.00209349	1.86497e-05	0.0045907	0.413726	0.0384106	0.350586	0.356522	-0.00999979	0.0126991	0.00289604	0.00448048	1.16018	0.146482	0.866926	0.102133	0.999999	0.0585024	1.0	0.0230199	0.082454	0.0637085	0.00706008	3.27917e-12	0.408646	0.0657022	0.712865	0.380435	-628.173	163.779	14.1673	141.262	13.2592	0.463092	0.0333437	979.782	68.6293	
-1.46--1.03	3.0-4.0	0.0-100.0	0.000-1.571	0.0-350.0	0.0-120.0	0.04	0.064	58.0	22.0	7.70675	3.28563	50.2947	7.30675	1.0	0.104291	-0.05	0.0	0.0700003	0.825864	3.12597	0.00505758	0.01	0.028349	0.01	0.00229393	0.03	0.0	1.8	0.0	5.0	0.0	2.5	0.0	0.01	0.00145681	0.000110599	0.00556928	0.503439	0.416526	0.00850123	0.111603	0.0	0.00841471	0.0	0.00841471	1.24361	0.660769	0.8	0.206117	0.449284	0.143008	0.999995	1.06925	0.01	0.594522	0.03471	0.0148326	0.0792272	0.034076	0.0551317	0.715936	-69.2585	7.70675	3.32604	2.43e-07	0.516893	3.15308e-08	0.0670702	804.802	106.412	
-1.46--1.03	4.0-5.0	0.0-100.0	0.000-1.571	0.0-350.0	0.0-120.0	0.032	0.12	324.0	239.0	145.515	14.1034	178.528	15.2287	0.843438	0.288239	-0.05	0.0	0.929999	0.58633	3.08138	0.00344402	0.0369898	0.00351266	0.01	0.0114118	0.03	0.0	1.8	0.0	5.0	0.0	2.5	0.0	0.0357696	0.00546595	0.00112283	0.0161112	0.538747	0.135265	0.399999	0.288519	0.00989845	0.0198219	0.00502647	0.012483	1.47024	0.00270899	0.704082	0.0947364	0.339762	0.82867	0.707922	0.785695	0.520354	0.706619	0.0134602	0.443466	0.169766	0.1538	0.0478792	0.0864579	-371.151	122.485	13.3609	23.0301	6.5243	0.158266	0.0421303	1078.0	113.002	
-1.46--1.03	5.0-6.5	0.0-100.0	0.000-1.571	0.0-350.0	0.0-120.0	0.024	0.176	2064.0	2034.0	1333.41	41.7016	730.542	33.7079	0.640042	0.14779	-0.05	0.0	0.558446	0.228112	3.09051	0.00124485	0.0441528	0.00408316	0.0299002	0.00403249	0.03	0.0	1.8	0.0	5.0	0.0	2.5	0.0	0.0385153	0.0021513	2.84005e-05	0.00458622	0.337208	0.0307798	0.0342737	0.0157722	-0.00999838	0.019209	0.00291198	0.00187724	2.92096	0.598091	0.94221	0.0275194	0.659797	0.196209	0.529803	0.157961	0.406695	0.110738	0.0483132	0.0417187	0.579488	0.0868906	0.145222	0.0356518	-2998.67	1092.02	40.5293	241.393	23.0922	0.181035	0.0163665	1072.27	41.3046	
-1.46--1.03	6.5-7.5	0.0-100.0	0.000-1.571	0.0-350.0	0.0-120.0	0.024	0.112	1494.0	1471.0	1116.47	36.4003	377.569	24.2083	-0.285508	0.203961	-0.05	0.0	0.280001	0.102532	3.09253	0.001273	0.0463613	0.00682647	0.0334392	0.0023326	0.03	0.0	1.8	0.0	5.0	0.0	2.5	0.0	0.0375089	0.00156602	9.88605e-05	0.00111756	0.33633	0.0275103	0.399999	0.299738	0.00516088	0.00418517	-0.00197422	0.00261965	1.25254	0.0704475	0.753155	0.0417978	0.74733	0.360336	0.402399	0.194573	0.275636	0.153302	0.02	0.0848014	0.44898	0.0845101	0.076217	0.0163178	-2795.62	878.324	34.5125	238.142	20.7694	0.2133	0.0172541	983.811	78.9561	
-1.46--1.03	7.5-8.5	0.0-100.0	0.000-1.571	0.0-350.0	0.0-120.0	0.024	0.096	1097.0	1084.0	902.323	32.6147	194.674	18.8698	-1.4617	0.308228	-0.05	0.0	0.315908	0.312404	3.09046	0.00151962	0.0318538	0.00793904	0.0443405	0.00539096	0.03	0.0	1.8	0.0	5.0	0.0	2.5	0.0	0.0408108	0.00287871	1.01509e-05	0.0045946	0.321373	0.0279722	0.0503718	0.0212655	-0.00109901	0.0138224	-0.00177584	0.00137875	2.91076	0.456747	0.874638	0.0292297	0.999949	0.932891	0.462274	0.0659175	0.0100003	0.157103	0.0311885	1.43923	0.375373	0.0577673	0.0446624	0.00942983	-2187.83	690.841	30.3607	211.482	18.8858	0.234375	0.0191391	1073.89	50.5562	
-1.46--1.03	8.5-10.0	0.0-100.0	0.000-1.571	0.0-350.0	0.0-120.0	0.016	0.064	1105.0	1088.0	946.44	32.7528	158.594	16.8726	-0.810026	0.32406	-0.05	0.0	0.409815	0.183446	3.08965	0.00131927	0.0500718	0.00633171	0.0282804	0.00376413	0.03	0.0	1.8	0.0	5.0	0.0	2.5	0.0	0.0387234	0.00274984	6.67076e-05	0.00281621	0.439735	0.0335397	0.0655801	0.0383638	0.01	0.0175592	-0.00104906	0.0012682	2.9	0.4445	0.911254	0.0335193	0.999697	0.211786	0.38818	0.0990546	0.122634	0.124903	0.0683884	0.274773	0.403443	0.0847973	0.0716217	0.0184044	-2450.07	730.239	29.5375	216.201	17.0242	0.228436	0.0161573	1152.15	74.0294	
-1.93--1.46	0.0-3.0	0.0-100.0	0.000-1.571	0.0-350.0	0.0-120.0	0.072	0.224	2511.0	2137.0	570.903	38.8906	1940.08	53.6683	0.562928	0.0887174	-0.05	0.0	0.93	0.835966	3.08928	0.00268987	0.0394853	0.00473094	0.0599978	0.049685	0.03	0.0	1.8	0.0	5.0	0.0	2.5	0.0	0.0412545	0.0108489	0.00128106	0.0188053	0.421171	0.0854326	0.00596691	0.22326	-0.00969991	0.014264	-0.00472944	0.0126322	2.7447	4.17064e-05	0.946881	0.0424052	0.634624	0.0748911	0.203454	0.0908454	0.462638	0.241878	0.5	0.0132129	0.608369	0.131053	0.0723803	0.0311646	-884.128	477.291	37.854	93.6126	20.4074	0.163973	0.0339557	967.566	383.405	
-1.93--1.46	10.0-14.0	0.0-100.0	0.000-1.571	0.0-350.0	0.0-120.0	0.016	0.073	1142.0	1103.0	955.041	32.912	186.959	17.7514	-1.11042	0.309631	-0.05	0.0	0.28	0.404409	3.08998	0.00164493	0.0535082	0.00900789	0.0417366	0.00318439	0.03	0.0	1.8	0.0	5.0	0.0	2.5	0.0	0.0453417	0.0030949	6.75346e-05	0.000257513	0.327584	0.0232625	0.139663	0.0444146	0.00833414	0.0157658	0.000618933	0.00112311	2.1168	0.214747	0.813354	0.0395268	0.999953	0.129288	0.917376	0.0651865	0.346616	0.0632135	0.021026	0.926265	0.3921	0.0518966	0.129078	0.0951339	-2161.41	669.954	29.2754	285.086	20.5069	0.298507	0.0188478	1093.14	50.0835	
-1.93--1.46	14.0-30.0	0.0-100.0	0.000-1.571	0.0-350.0	0.0-120.0	0.008	0.048	361.0	354.0	310.953	18.5809	50.069	9.18474	0.4596	0.56162	-0.05	0.0	0.28	0.461242	3.08854	0.00288955	0.0456592	0.0121183	0.0455492	0.00550188	0.03	0.0	1.8	0.0	5.0	0.0	2.5	0.0	0.04558	0.00260897	9.9097e-05	0.00455372	0.328321	0.0368912	0.163979	0.276616	-5.39279e-05	0.00763351	0.000314005	0.00195106	1.01678	1.97659	0.896319	0.104804	0.999996	0.135878	0.631146	0.177546	0.12811	0.159443	0.0255641	0.258107	0.457802	0.121783	0.0456057	0.0248653	-729.647	194.056	15.6313	116.897	12.5963	0.375931	0.0337096	917.158	185.51	
-1.93--1.46	3.0-4.0	0.0-100.0	0.000-1.571	0.0-350.0	0.0-120.0	0.048	0.224	4246.0	4173.0	1709.51	59.7776	2536.5	66.3212	-0.481651	0.078864	-0.05	0.0	0.548608	0.130997	3.08422	0.00145558	0.0348695	0.00346696	0.0599974	0.00841228	0.03	0.0	1.8	0.0	5.0	0.0	2.5	0.0	0.0478739	0.00296658	1.89292e-05	0.00459057	0.39635	0.0387691	0.0307277	0.0177751	0.01	0.0191209	0.00251394	0.0026554	2.42961	0.00160935	0.892244	0.0241555	0.278769	0.143969	0.466307	0.175136	0.612319	0.0957093	0.0246316	9.75639e-07	0.454405	0.0957631	0.17982	0.0241985	-3775.97	1484.27	57.4628	225.238	25.889	0.131756	0.0144263	976.229	25.5908	
-1.93--1.46	4.0-5.0	0.0-100.0	0.000-1.571	0.0-350.0	0.0-120.0	0.04	0.2	4833.0	4735.0	2587.01	77.2498	2246.06	74.9991	-0.516185	0.0882852	-0.05	0.0	0.0700039	0.0167612	3.0874	0.0011598	0.15	0.0860661	0.0431513	0.00122076	0.03	0.0	1.8	0.0	5.0	0.0	2.5	0.0	0.0575044	0.00801195	1.17863e-05	0.00459385	0.343814	0.0276651	0.063668	0.0247534	-0.00999965	0.0122633	-0.00161281	0.00177288	2.1617	0.283006	0.859495	0.023752	0.633351	0.0585288	0.955814	0.031599	0.612968	0.0479233	0.0850378	0.021133	0.216405	0.0259516	0.886103	0.425057	-5616.23	2212.23	73.9867	374.771	35.1495	0.144867	0.0128799	994.593	32.7866	
-1.93--1.46	5.0-6.5	0.0-100.0	0.000-1.571	0.0-350.0	0.0-120.0	0.032	0.224	5932.0	5906.0	3873.32	82.0826	2058.7	70.1606	-1.00602	0.0956574	-0.05	0.0	0.139801	0.0993148	3.08915	0.000875669	0.0768483	0.0215962	0.0412625	0.00195864	0.03	0.0	1.8	0.0	5.0	0.0	2.5	0.0	0.0478559	0.00334054	1.29029e-05	0.00459334	0.375872	0.0210338	0.08035	0.0666701	-0.00266082	0.0135963	0.00100491	0.00124408	2.33611	0.163968	0.879284	0.0429914	0.749961	0.150968	0.591284	0.173242	0.583174	0.0491551	0.0575687	0.0341161	0.428771	0.0483732	0.15925	0.0366025	-8241.11	3266.65	78.0802	606.664	38.3342	0.156626	0.00932382	1072.16	75.9716	
-1.93--1.46	6.5-7.5	0.0-100.0	0.000-1.571	0.0-350.0	0.0-120.0	0.024	0.176	2457.0	2443.0	1770.31	46.6758	686.734	33.0916	-0.625355	0.155073	-0.05	0.0	0.480118	0.282734	3.08957	0.00122874	0.0506525	0.00438512	0.0390829	0.00329854	0.03	0.0	1.8	0.0	5.0	0.0	2.5	0.0	0.0450103	0.00214844	5.15116e-05	0.000485683	0.353799	0.0246678	0.0720927	0.0241019	0.00999325	0.0192944	-0.000418519	0.00133239	2.50353	0.360012	0.883881	0.0248503	0.73663	0.150297	0.763429	0.134905	0.490301	0.0897167	0.0388569	0.0293569	0.404839	0.0579488	0.266271	0.119018	-3910.07	1421.9	44.5714	348.41	25.7977	0.196807	0.0136173	1084.79	43.748	
-1.93--1.46	7.5-8.5	0.0-100.0	0.000-1.571	0.0-350.0	0.0-120.0	0.024	0.105	1510.0	1473.0	1182.58	38.0699	327.441	24.3759	-0.553896	0.223634	-0.05	0.0	0.813921	0.242243	3.08606	0.00153624	0.0469414	0.00334721	0.0363178	0.00858628	0.03	0.0	1.8	0.0	5.0	0.0	2.5	0.0	0.0451542	0.00195589	1.34363e-05	0.00459309	0.348267	0.0298123	0.103361	0.064677	0.00701654	0.0168418	0.000995484	0.00144488	1.70119	3.79095e-06	0.84938	0.0407084	0.999989	0.654879	0.636615	0.10814	0.497607	0.0662644	0.00977019	0.00204497	0.418523	0.0658135	0.12864	0.0409026	-2867.23	956.254	35.7861	226.324	19.6488	0.191382	0.0154307	972.63	39.478	
-1.93--1.46	8.5-10.0	0.0-100.0	0.000-1.571	0.0-350.0	0.0-120.0	0.016	0.105	1300.0	1268.0	1029.82	35.955	270.159	23.0877	-0.807046	0.250609	-0.05	0.0	0.673521	0.137339	3.09208	0.00155907	0.0385991	0.00339705	0.0599999	0.00932009	0.03	0.0	1.8	0.0	5.0	0.0	2.5	0.0	0.0466775	0.00266994	1.00387e-05	0.00459466	0.374261	0.0309185	0.0117089	0.0108393	-0.0099988	0.0187288	-0.000310589	0.00124265	2.54727	0.875402	0.974436	0.027804	0.875352	0.0896794	0.779165	0.280008	0.229819	0.244455	0.115316	0.0602004	0.380797	0.0493689	0.0317693	0.0362961	-2380.57	797.486	33.1042	232.33	19.6577	0.225603	0.0173877	1007.17	23.8077	
-2.4--1.93	0.0-3.0	0.0-100.0	0.000-1.571	0.0-350.0	0.0-120.0	0.08	0.569	16735.0	15781.0	4893.83	114.776	11841.4	141.694	0.333338	0.03607	-0.05	0.0	0.68	0.175756	3.08786	0.0012578	0.0617332	0.00337359	0.043359	0.00389678	0.03	0.0	1.8	0.0	5.0	0.0	2.5	0.0	0.0565072	0.00201337	1.64519e-05	0.00459171	0.330759	0.0581531	0.0582585	0.0465168	0.00999998	0.0199384	-0.00593805	0.0034652	2.66895	0.126699	0.897629	0.0280816	0.552695	0.0337356	0.86704	0.0214415	0.548969	0.0467366	0.143957	0.0214614	0.217163	0.0282586	1.3109	0.223758	-342.617	4443.45	132.896	450.378	83.1428	0.0920297	0.0168516	1083.42	69.2899	
-2.4--1.93	10.0-14.0	0.0-100.0	0.000-1.571	0.0-350.0	0.0-120.0	0.016	0.096	618.0	612.0	472.951	23.3326	145.051	14.7148	-1.65678	0.366551	-0.05	0.0	0.71	0.156114	3.08935	0.00276467	0.055	0.000990778	0.045	0.00230864	0.03	0.0	1.8	0.0	5.0	0.0	2.5	0.0	0.0522972	0.000881324	0.000156625	0.00131965	0.39103	0.0438546	0.0780719	0.0328781	0.00311384	0.0165515	0.000731514	0.00148227	2.444	0.744287	0.792863	0.040791	0.882125	0.141613	0.972924	0.92148	0.1409	0.107792	0.0621313	0.0610692	0.400574	0.0670326	0.0875298	0.142537	-945.774	348.965	21.3323	123.986	14.0034	0.262154	0.0266345	1022.69	82.937	
-2.4--1.93	14.0-30.0	0.0-100.0	0.000-1.571	0.0-350.0	0.0-120.0	0.008	0.056	222.0	212.0	165.847	13.9663	56.1965	9.24116	-1.01701	0.554333	-0.05	0.0	0.93	0.174632	3.09591	0.00499398	0.055	0.00131883	0.0449999	0.0224035	0.03	0.0	1.8	0.0	5.0	0.0	2.5	0.0	0.0543599	0.00120472	0.000121441	0.00454345	0.29569	0.0420336	0.350089	0.11029	-0.00862351	0.0153051	0.00597486	0.00233409	1.36276	0.207853	0.600002	0.062631	0.941806	0.17716	0.999987	2.65619	0.288605	0.096206	0.26203	0.204916	0.389544	0.0891021	0.229094	2.50791	-305.553	87.4937	11.3822	78.3536	10.8997	0.472444	0.0523111	940.28	69.8322	
-2.4--1.93	3.0-4.0	0.0-100.0	0.000-1.571	0.0-350.0	0.0-120.0	0.056	0.232	5929.0	5893.0	2548.8	63.4982	3380.23	69.7377	-1.02328	0.0726707	-0.05	0.0	0.754439	0.246751	3.08753	0.00139811	0.055	0.00164238	0.0421614	0.0154286	0.03	0.0	1.8	0.0	5.0	0.0	2.5	0.0	0.052141	0.00222517	1.12477e-05	0.000438864	0.314747	0.0284528	0.13755	0.0773042	0.000591243	0.0152709	0.00413422	0.00283064	1.59367	0.0947436	0.846411	0.0426529	0.47836	0.255583	0.437482	0.172974	0.64033	0.0958423	0.0365589	0.0282101	0.569746	0.0814693	0.176366	0.0269854	-4843.21	2205.02	66.4069	343.782	38.2823	0.13488	0.014639	983.472	40.5699	
-2.4--1.93	4.0-5.0	0.0-100.0	0.000-1.571	0.0-350.0	0.0-120.0	0.048	0.216	3865.0	3849.0	2138.22	92.3756	1726.76	90.1538	-0.964692	0.187109	-0.05	0.0	0.730622	0.646844	3.0889	0.00170577	0.055	0.0016297	0.044999	0.0288775	0.03	0.0	1.8	0.0	5.0	0.0	2.5	0.0	0.0524938	0.00458228	8.30575e-05	0.000673618	0.340051	0.0300347	0.149985	0.0811428	-0.01	0.013585	0.00239521	0.00223939	1.47397	0.181514	0.836985	0.0392855	0.479697	0.185224	0.443201	0.13799	0.414444	0.120103	0.0353263	0.0232377	0.474158	0.0642144	0.116632	0.01961	-4241.65	1834.41	84.3513	303.801	31.7288	0.142082	0.0135099	959.858	40.2088	
-2.4--1.93	5.0-6.5	0.0-100.0	0.000-1.571	0.0-350.0	0.0-120.0	0.032	0.176	3282.0	3269.0	2097.9	50.9729	1184.09	41.0437	-1.0261	0.119888	-0.05	0.0	0.859999	0.0901039	3.08536	0.00142443	0.055	0.000452137	0.045	0.00365641	0.03	0.0	1.8	0.0	5.0	0.0	2.5	0.0	0.0537122	0.000511368	0.000154308	0.00148595	0.384096	0.0293664	0.0734969	0.0645499	0.01	0.014104	-0.000682431	0.00160405	1.62134	0.000146204	0.872532	0.036006	0.999995	0.733484	0.30988	0.0631464	0.494577	0.06311	0.0135996	3.25146e-05	0.496173	0.0666298	0.113252	0.0170208	-4291.62	1780.32	49.682	317.584	25.6264	0.151382	0.0116484	947.925	35.3043	
-2.4--1.93	6.5-7.5	0.0-100.0	0.000-1.571	0.0-350.0	0.0-120.0	0.032	0.128	1221.0	1199.0	891.115	33.1201	330.087	23.1506	-1.21383	0.234439	-0.05	0.0	0.28013	0.888842	3.09151	0.00200189	0.0599055	0.00883169	0.0476461	0.00357978	0.03	0.0	1.8	0.0	5.0	0.0	2.5	0.0	0.0513761	0.00600257	3.39691e-05	0.00458366	0.394844	0.0370014	0.377141	0.345888	-0.000445647	0.00502633	0.000641949	0.0027651	1.34359	0.0785266	0.694672	0.0678817	0.560708	0.748827	0.657383	0.255987	0.255979	0.6116	0.0111552	0.0258787	0.357553	0.0729427	0.123659	0.0451032	-1795.6	697.396	31.4109	193.719	19.1476	0.217389	0.0199103	990.658	118.12	
-2.4--1.93	7.5-8.5	0.0-100.0	0.000-1.571	0.0-350.0	0.0-120.0	0.032	0.112	822.0	800.0	648.917	30.089	173.066	20.7238	-2.19977	0.394486	-0.05	0.0	0.495035	0.616072	3.08698	0.00267265	0.0721415	0.0134029	0.0459352	0.0121106	0.03	0.0	1.8	0.0	5.0	0.0	2.5	0.0	0.0603478	0.00913851	0.000241616	0.0038947	0.33427	0.0387552	0.245514	0.143786	-0.00999999	0.00310223	-0.00127499	0.00279034	1.61139	0.17458	0.781371	0.0641344	0.722943	0.147609	0.549749	0.371817	0.0318716	0.825	0.0810641	0.0345086	0.287094	0.0563014	0.0244651	0.0360868	-1379.92	520.447	28.8679	128.471	16.9259	0.197977	0.0244145	1047.92	77.7986	
-2.4--1.93	8.5-10.0	0.0-100.0	0.000-1.571	0.0-350.0	0.0-120.0	0.024	0.105	735.0	726.0	570.348	29.4384	164.644	21.4652	-1.05183	0.33933	-0.05	0.0	0.56413	0.327156	3.08566	0.00262897	0.051299	0.0101992	0.0599992	0.0319726	0.03	0.0	1.8	0.0	5.0	0.0	2.5	0.0	0.0552598	0.0081501	0.000256614	0.00338928	0.31704	0.0372027	0.303394	0.0940958	0.00225254	0.00585467	0.000914887	0.00213616	1.45471	0.111584	0.683663	0.0585206	0.6908	0.19532	0.853872	0.216763	0.183291	0.205802	0.0264262	0.0235392	0.421102	0.0784216	0.119725	0.107416	-1171.12	432.272	26.9275	138.076	16.6755	0.24209	0.0264327	983.679	48.8054	
0.47-1.37	0.0-3.0	0.0-100.0	0.000-1.571	0.0-350.0	0.0-120.0	0.08	0.088	3.0	1.0	1.2	11492.1	5820.76	114508.0	-1.0	1.68294	-0.05	0.0	0.1	0.183879	3.0975	0.0420209	0.02	0.0303397	0.03	0.0206117	0.03	0.0	1.8	0.0	5.0	0.0	2.5	0.0	0.0291548	0.00963307	0.000110599	0.00556928	0.04	0.213759	0.00850123	0.111603	0.0	0.00841471	0.0	0.00841471	2.3	1.25094	0.8	0.206117	0.9	0.252441	0.707205	0.252441	0.29	0.375187	0.05	0.119743	0.42	0.389811	0.1	0.251176	0.0	1.11239	10653.1	0.0876084	839.005	0.073007	0.364368	824.337	186.612	
0.47-1.37	10.0-14.0	0.0-100.0	0.000-1.571	0.0-350.0	0.0-120.0	0.016	0.048	2446.0	2433.0	1995.84	46.9111	450.154	25.5944	-1.33481	0.199577	-0.05	0.0	0.312889	0.216461	3.09398	0.00079428	0.0206066	0.00442543	0.0354912	0.00415529	0.03	0.0	1.8	0.0	5.0	0.0	2.5	0.0	0.0315969	0.0021955	7.35135e-05	0.000183873	0.361687	0.0171085	0.200422	0.284079	-0.0013818	0.00390202	0.00113313	0.000955219	1.61879	0.128264	0.885941	0.0755914	0.910773	0.0714473	0.986399	0.751935	0.178229	0.0678882	0.0400801	0.0152365	0.428923	0.0340106	0.0383716	0.0657635	-5113.41	1348.31	41.0086	647.532	30.1498	0.324441	0.0130403	1073.68	125.458	
0.47-1.37	14.0-30.0	0.0-100.0	0.000-1.571	0.0-350.0	0.0-120.0	0.008	0.048	1210.0	1208.0	985.033	32.8686	224.956	17.8967	-0.944899	0.270542	-0.05	0.0	0.39	0.317633	3.09469	0.00119664	0.0404504	0.00378307	0.0290893	0.00227557	0.03	0.0	1.8	0.0	5.0	0.0	2.5	0.0	0.033975	0.00212937	1.14196e-05	0.01493	0.37992	0.0209059	0.399999	0.270307	0.000261225	0.00218601	0.00111681	0.00129726	1.34015	0.0858915	0.773982	0.0487996	1.0	0.0464966	0.938629	0.0798205	0.211877	0.065299	0.0418137	0.109286	0.442568	0.046051	0.0598698	0.055332	-2281.6	553.28	26.1285	431.753	23.4396	0.438313	0.0187704	1038.18	81.7369	
0.47-1.37	3.0-4.0	0.0-100.0	0.000-1.571	0.0-350.0	0.0-120.0	0.04	0.048	13.0	1.0	1.67838	1.41783	11.3178	3.41291	1.0	0.366449	-0.05	0.0	0.929999	0.448687	3.09686	0.007692	0.01	0.00319277	0.01	0.0414298	0.03	0.0	1.8	0.0	5.0	0.0	2.5	0.0	0.01	0.00207529	0.000110599	0.00556928	0.0100005	0.13799	0.00850123	0.111603	0.0	0.00841471	0.0	0.00841471	1.0	2.36075	0.8	0.206117	0.9	0.252441	0.707205	0.252441	0.29	0.375187	0.05	0.119743	0.42	0.389811	0.1	0.251176	-12.7768	0.000143043	1.58762	1.67824	2.12848	0.999915	0.945924	801.91	103.465	
0.47-1.37	4.0-5.0	0.0-100.0	0.000-1.571	0.0-350.0	0.0-120.0	0.032	0.104	166.0	73.0	53.1666	9.43228	112.814	12.1897	1.0	0.200384	-0.05	0.0	0.376128	0.305195	3.08712	0.00459333	0.04464	0.0178084	0.0185802	0.00598431	0.03	0.0	1.8	0.0	5.0	0.0	2.5	0.0	0.0310628	0.00638651	0.0048037	0.011004	0.246332	0.0	0.0525066	0.0645954	0.00999831	0.0138988	-0.00999999	0.00457451	4.0	0.0	0.965944	0.133291	0.9	0.0	0.9	0.0	0.29	0.0	0.05	0.0	0.42	0.0	0.1	0.0	nan	39.875	7.07421	13.2917	2.35807	0.25	0.0	1313.07	191.035	
0.47-1.37	5.0-6.5	0.0-100.0	0.000-1.571	0.0-350.0	0.0-120.0	0.024	0.136	1506.0	1461.0	1051.42	36.0478	454.562	26.5033	0.898348	0.187387	-0.05	0.0	0.351641	0.187885	3.09117	0.00132293	0.0237985	0.00503551	0.0457671	0.00570485	0.03	0.0	1.8	0.0	5.0	0.0	2.5	0.0	0.0394617	0.00286264	0.000188749	0.0123589	0.498804	0.0450974	0.222908	0.159651	0.0057198	0.0120769	0.00250686	0.00258694	1.50613	0.124784	0.754636	0.0676265	0.532266	0.146468	0.22544	0.135229	0.306565	0.124978	0.324328	0.128508	0.431313	0.177229	0.0953518	0.0324859	-2375.07	871.89	34.1988	179.529	17.7163	0.170749	0.0158003	973.746	75.6755	
0.47-1.37	6.5-7.5	0.0-100.0	0.000-1.571	0.0-350.0	0.0-120.0	0.024	0.088	1836.0	1804.0	1451.0	40.1065	384.954	23.2919	-0.270724	0.200706	-0.05	0.0	0.39	0.0793524	3.09233	0.00100528	0.0370034	0.00473184	0.0316431	0.00315779	0.03	0.0	1.8	0.0	5.0	0.0	2.5	0.0	0.0338348	0.00136975	1.00191e-05	0.00459467	0.379296	0.0263531	0.0161471	0.011863	0.00999086	0.0197167	0.000285528	0.00120722	3.76026	0.665144	0.915986	0.0237386	0.999998	7.80443	0.481268	0.0484664	0.166512	0.0412518	0.156503	4.37131	0.411602	0.0307865	0.0640568	0.00933533	-3659.41	1144.67	37.1401	306.334	21.2141	0.211118	0.0134052	1026.55	44.4079	
0.47-1.37	7.5-8.5	0.0-100.0	0.000-1.571	0.0-350.0	0.0-120.0	0.016	0.088	1865.0	1860.0	1517.75	41.0756	347.266	22.7351	-0.820405	0.216087	-0.05	0.0	0.122317	0.0840975	3.09233	0.000938761	0.0178653	0.00371147	0.0337841	0.00182521	0.03	0.0	1.8	0.0	5.0	0.0	2.5	0.0	0.0322614	0.00100322	0.000161174	0.00190716	0.33644	0.0225025	0.205626	0.112297	0.00434083	0.00516417	-0.000657858	0.00133225	1.62633	0.115263	0.812151	0.055639	0.917141	0.0364338	0.595978	0.211615	0.0310805	0.870683	0.235235	0.0962305	0.405499	0.0431113	0.0215254	0.0141306	-4004.17	1155.71	38.1474	362.036	23.936	0.238535	0.0143889	1033.36	59.656	
0.47-1.37	8.5-10.0	0.0-100.0	0.000-1.571	0.0-350.0	0.0-120.0	0.016	0.064	2134.0	2121.0	1792.49	44.5601	341.51	23.1208	-1.37444	0.229065	-0.05	0.0	0.545829	0.196562	3.09343	0.000813453	0.0254231	0.00235604	0.039199	0.005017	0.03	0.0	1.8	0.0	5.0	0.0	2.5	0.0	0.0324137	0.00199351	2.54198e-05	0.00458759	0.339512	0.0179658	0.0338986	0.030328	-0.00999423	0.0119827	0.000616994	0.000829792	1.99152	0.323376	0.908053	0.0242385	1.0	8.86761	0.843702	0.086137	0.282521	0.0381627	0.181381	6.10061	0.37268	0.0304774	0.138536	0.0430222	-4873.4	1285.97	39.9475	506.529	27.0628	0.282583	0.013364	964.912	29.3046	
1.37-1.97	0.0-3.0	0.0-100.0	0.000-1.571	0.0-350.0	0.0-120.0	0.056	0.168	2686.0	1900.0	767.026	39.7357	1919.04	52.2536	0.725427	0.0903769	-0.05	0.0	0.93	0.84073	3.08707	0.00237849	0.0444188	0.00309079	0.0396684	0.0376359	0.03	0.0	1.8	0.0	5.0	0.0	2.5	0.0	0.0441029	0.0026689	0.000334688	0.00110279	0.282219	0.0490632	0.00519396	0.242572	-0.00996865	0.0117905	-0.01	0.0157714	1.00887	1.77424	0.92011	0.0379449	0.999936	15.3878	0.0929453	0.0527145	0.665884	0.0568742	0.0291561	3534.53	0.999999	0.0589737	0.244683	0.0318353	-853.032	596.207	43.167	170.82	31.4282	0.222704	0.0393163	920.593	22.5514	
1.37-1.97	10.0-14.0	0.0-100.0	0.000-1.571	0.0-350.0	0.0-120.0	0.016	0.088	2026.0	1991.0	1618.18	43.4654	407.801	26.0533	-0.712793	0.200127	-0.05	0.0	0.390004	0.298749	3.09198	0.00115708	0.0360193	0.00350225	0.0451065	0.00306869	0.03	0.0	1.8	0.0	5.0	0.0	2.5	0.0	0.0417981	0.00176117	1.51816e-05	0.00459229	0.415342	0.0213783	0.0241809	0.0217631	-0.0099993	0.0182746	0.000338501	0.000852569	3.99966	2.6058	0.945078	0.0317762	0.999978	4.7562	0.760429	0.208446	0.196351	0.139804	0.035304	2.35696	0.387941	0.0276383	0.0759036	0.0321594	-3492.01	1091.82	37.887	526.358	27.843	0.325278	0.014823	1121.79	134.741	
1.37-1.97	14.0-30.0	0.0-100.0	0.000-1.571	0.0-350.0	0.0-120.0	0.008	0.056	781.0	767.0	615.971	26.1418	165.025	15.2487	-2.11095	0.352573	-0.05	0.0	0.78	0.0610255	3.09051	0.00182846	0.0460032	0.00207489	0.0181995	0.00405324	0.03	0.0	1.8	0.0	5.0	0.0	2.5	0.0	0.041516	0.00112806	8.05072e-05	0.00662713	0.389119	0.0274729	0.0238774	0.0121958	-0.00999861	0.018549	0.000335645	0.00109832	4.0	0.464562	0.988757	0.038198	0.999998	0.0956658	1.0	0.0175742	0.191029	0.0480876	0.0163075	0.270728	0.386575	0.0431435	0.0972824	0.53086	-1312.25	346.51	21.1055	269.461	18.9726	0.437458	0.0245769	1156.0	46.8234	
1.37-1.97	3.0-4.0	0.0-100.0	0.000-1.571	0.0-350.0	0.0-120.0	0.048	0.248	4640.0	4580.0	1937.04	70.4887	2702.96	75.7194	-0.606326	0.0781834	-0.05	0.0	0.411599	0.589584	3.08631	0.00131762	0.0575228	0.0151873	0.0345434	0.00792715	0.03	0.0	1.8	0.0	5.0	0.0	2.5	0.0	0.0454317	0.00811893	8.2842e-05	0.019932	0.400376	0.0351919	0.294336	0.10171	0.00305424	0.00776767	0.000642519	0.00335062	1.48153	0.0551473	0.745843	0.0534631	0.464412	0.165069	0.402124	0.152952	0.599308	0.0662047	0.0516474	0.0262048	0.492935	0.0813457	0.153616	0.0233101	-3926.24	1654.51	66.8137	282.531	30.7382	0.145857	0.0149547	1019.12	44.7369	
1.37-1.97	4.0-5.0	0.0-100.0	0.000-1.571	0.0-350.0	0.0-120.0	0.04	0.264	5146.0	5139.0	2934.15	89.8965	2211.96	85.7658	-0.772087	0.0961191	-0.05	0.0	0.0997116	0.0389343	3.08862	0.00105834	0.15	0.0223639	0.0419129	0.00117816	0.03	0.0	1.8	0.0	5.0	0.0	2.5	0.0	0.0618469	0.00425435	4.33924e-05	1.19063	0.375891	0.0228871	0.0932034	0.0297799	0.00505598	0.0164956	-0.00168847	0.00161353	2.29233	0.159731	0.839336	0.0230778	0.584444	0.0616359	0.928623	0.0451845	0.568111	0.049899	0.070214	0.0168314	0.285957	0.023334	0.393542	0.139798	-5617.41	2414.97	81.8587	519.181	38.4627	0.176945	0.0119351	1062.35	36.6499	
1.37-1.97	5.0-6.5	0.0-100.0	0.000-1.571	0.0-350.0	0.0-120.0	0.032	0.224	7387.0	7377.0	4800.25	80.7274	2586.62	65.603	-0.830704	0.0811756	-0.05	0.0	0.39	0.0478799	3.08933	0.00078424	0.0544909	0.00361074	0.0394332	0.00170631	0.03	0.0	1.8	0.0	5.0	0.0	2.5	0.0	0.0458971	0.00101722	1.02481e-05	0.00459456	0.362183	0.0173094	0.211414	0.0617702	-0.000297591	0.0044353	-0.00188354	0.00126032	1.45517	0.0965178	0.832074	0.0294694	0.81188	0.0385418	0.383877	0.185404	0.235959	0.352572	0.277436	0.0518119	0.390855	0.0286506	0.0331246	0.023435	-10041.6	3948.16	81.6214	852.097	49.5861	0.177511	0.00988914	996.818	28.3436	
1.37-1.97	6.5-7.5	0.0-100.0	0.000-1.571	0.0-350.0	0.0-120.0	0.024	0.16	3431.0	3402.0	2623.63	58.9513	807.353	40.7246	-0.893309	0.14819	-0.05	0.0	0.481756	0.20347	3.08919	0.00105334	0.0551545	0.00495329	0.0387843	0.00361618	0.03	0.0	1.8	0.0	5.0	0.0	2.5	0.0	0.0473821	0.0022897	1.35518e-05	0.00459304	0.337788	0.0184233	0.0751612	0.0241977	-0.00999993	0.0148369	0.00144772	0.00104634	2.48064	0.224942	0.88426	0.0218955	0.542027	0.139094	0.871801	0.0806314	0.108655	0.196905	0.0171448	0.00945682	0.383437	0.0360421	0.144359	0.0553537	-5534.83	2031.87	55.8087	591.762	34.7427	0.225551	0.0122341	1088.88	36.4567	
1.37-1.97	7.5-8.5	0.0-100.0	0.000-1.571	0.0-350.0	0.0-120.0	0.024	0.168	2284.0	2276.0	1830.79	46.3909	453.216	27.8309	-1.16073	0.201647	-0.05	0.0	0.273355	0.173693	3.09159	0.00118897	0.0284881	0.00547563	0.0506764	0.00468516	0.03	0.0	1.8	0.0	5.0	0.0	2.5	0.0	0.045694	0.00256281	2.41392e-05	0.0462639	0.369753	0.0223428	0.0716612	0.0234776	-0.00588124	0.011724	-0.000140862	0.00104246	2.91455	0.34162	0.850774	0.0224394	1.0	5.51963	0.589915	0.0236177	0.170465	0.0237352	0.159004	2.35325	0.369188	0.0158589	0.0615405	0.00514975	-3932.82	1393.92	43.5812	436.871	27.8263	0.238625	0.0139445	1131.67	51.7633	
1.37-1.97	8.5-10.0	0.0-100.0	0.000-1.571	0.0-350.0	0.0-120.0	0.016	0.128	2096.0	2080.0	1647.65	46.5823	448.263	31.1486	-1.3902	0.207502	-0.05	0.0	0.474195	0.263211	3.09191	0.00125296	0.0547467	0.00636977	0.0360676	0.00571284	0.03	0.0	1.8	0.0	5.0	0.0	2.5	0.0	0.0458832	0.00324953	7.07797e-05	0.00456673	0.393722	0.0247554	0.116415	0.041137	-0.00661932	0.00629027	0.000932763	0.00107005	1.97074	0.19446	0.847401	0.0302102	0.973728	0.698051	0.737782	0.233059	0.218145	0.0659703	0.102622	0.142081	0.389291	0.0470857	0.093773	0.037816	-3622.91	1246.23	42.4285	401.414	26.2215	0.243628	0.0143468	1042.41	39.3841	
1.97-2.4	0.0-3.0	0.0-100.0	0.000-1.571	0.0-350.0	0.0-120.0	0.08	0.528	12008.0	11213.0	4113.88	96.056	7894.17	114.041	0.433065	0.0444884	-0.05	0.0	0.0700017	0.575447	3.08684	0.00138204	0.0599999	0.0287778	0.0569992	0.00179567	0.03	0.0	1.8	0.0	5.0	0.0	2.5	0.0	0.0572143	0.00160842	2.63466e-05	0.000966027	0.520258	0.0459539	0.0506668	0.0206229	-0.01	0.0196071	0.00615878	0.00331996	2.15023	0.287647	0.858704	0.0208699	0.49112	0.0309372	0.886938	0.0232255	0.425764	0.0572092	0.144315	0.0190541	0.216286	0.0307043	1.19473	0.231279	71.6585	3588.74	99.7056	525.139	55.408	0.127651	0.0131346	966.576	27.7472	
1.97-2.4	10.0-14.0	0.0-100.0	0.000-1.571	0.0-350.0	0.0-120.0	0.016	0.096	829.0	817.0	617.705	26.8376	211.305	17.7167	-0.948816	0.283863	-0.05	0.0	0.93	0.0583792	3.08674	0.00254905	0.055	0.00051556	0.045	0.00682307	0.03	0.0	1.8	0.0	5.0	0.0	10.0	0.0	0.0543599	0.00041231	1.35286e-05	0.00459305	0.327169	0.0283761	0.399999	0.314788	-0.00999841	0.0141365	0.00741965	0.00190814	1.25147	0.102782	0.664518	0.0437229	0.621787	0.0842859	0.851947	0.149107	0.0100012	0.14211	0.026545	0.0156032	0.394961	0.0616886	0.0873796	0.0503237	-1179.06	402.099	24.0354	215.606	18.9801	0.349044	0.0267238	944.153	98.0536	
1.97-2.4	14.0-30.0	0.0-100.0	0.000-1.571	0.0-350.0	0.0-120.0	0.016	0.088	377.0	369.0	271.685	17.8476	105.239	12.3332	-1.54556	0.426707	-0.05	0.0	0.849999	0.411908	3.09352	0.00377804	0.055	0.00222218	0.0449994	0.0228804	0.03	0.0	1.8	0.0	5.0	0.0	10.0	0.0	0.0536189	0.00258872	0.000201621	0.0184754	0.344546	0.037942	0.314275	0.332065	0.00739204	0.00555246	0.000937181	0.00249139	1.3649	0.195888	0.768823	0.106418	0.915886	0.162595	0.819365	0.297284	0.186713	0.178865	0.0700452	0.0546892	0.459755	0.089077	0.0455778	0.0431597	-484.753	153.521	14.3163	118.164	12.7868	0.434931	0.0374	995.392	117.591	
1.97-2.4	3.0-4.0	0.0-100.0	0.000-1.571	0.0-350.0	0.0-120.0	0.056	0.209	4473.0	4398.0	2121.13	64.9703	2352.0	66.7177	-0.885999	0.0858731	-0.05	0.0	0.701725	0.292626	3.08741	0.00160911	0.0593416	0.00551634	0.0440451	0.00860588	0.03	0.0	1.8	0.0	5.0	0.0	2.5	0.0	0.0552242	0.00312446	0.000224857	0.000689327	0.420057	0.0388965	0.216776	0.0757886	0.00511972	0.0123342	-4.80168e-05	0.00268788	1.74315	0.0837182	0.765955	0.0433071	0.37949	0.119802	0.466546	0.129494	0.525226	0.0828255	0.0551946	0.0253664	0.536181	0.0862936	0.183184	0.0293197	-3320.43	1831.48	64.4116	289.646	32.8715	0.136553	0.0149221	1057.45	48.0073	
1.97-2.4	4.0-5.0	0.0-100.0	0.000-1.571	0.0-350.0	0.0-120.0	0.04	0.209	3183.0	3171.0	1830.98	52.8035	1352.01	48.0521	-1.37908	0.117377	-0.05	0.0	0.236007	0.108969	3.08918	0.00155298	0.0334812	0.00639611	0.059989	0.00505997	0.03	0.0	1.8	0.0	5.0	0.0	2.5	0.0	0.0548992	0.00248685	0.000200029	0.0019829	0.361572	0.0307989	0.0819828	0.0451016	0.01	0.0042546	0.00214233	0.00200246	1.95681	0.191916	0.86206	0.0276616	0.442947	0.181505	0.512582	0.130564	0.426812	0.14408	0.0363227	0.0275257	0.541723	0.0760902	0.146298	0.0252099	-3271.74	1524.15	51.6585	306.831	28.5459	0.167577	0.0148225	998.069	39.6682	
1.97-2.4	5.0-6.5	0.0-100.0	0.000-1.571	0.0-350.0	0.0-120.0	0.032	0.184	3103.0	3100.0	2081.67	53.9284	1021.38	42.9876	-1.16302	0.136305	-0.05	0.0	0.39	0.288424	3.08889	0.00142691	0.0608375	0.00823001	0.0492931	0.00429433	0.03	0.0	1.8	0.0	5.0	0.0	2.5	0.0	0.0540893	0.00274876	5.49928e-05	0.000424148	0.409477	0.027063	0.0362109	0.0175915	0.00664653	0.0169657	0.000437113	0.00142163	2.89862	0.327148	0.898715	0.0207737	0.704812	0.0619917	0.979434	0.0189034	0.553193	0.0472919	0.103274	0.0242349	0.37101	0.0361484	0.999711	0.60419	-3752.11	1685.15	51.0145	396.513	28.322	0.190479	0.012679	1040.52	37.1121	
1.97-2.4	6.5-7.5	0.0-100.0	0.000-1.571	0.0-350.0	0.0-120.0	0.032	0.112	1244.0	1201.0	910.174	33.2118	333.845	22.9504	-1.59728	0.243809	-0.05	0.0	0.85	0.322964	3.08906	0.00213779	0.0583127	0.00207256	0.045	0.0257052	0.03	0.0	1.8	0.0	5.0	0.0	2.5	0.0	0.0565161	0.00265391	1.05377e-05	8.85006e-05	0.354528	0.0353044	0.0350465	0.0345747	0.00733784	0.0185397	-0.000218478	0.00177377	2.32092	0.489209	0.860562	0.0326041	0.912235	0.0641233	0.33021	0.0587048	0.0100011	0.199281	0.249461	0.135153	0.485489	0.0776733	0.048055	0.00923994	-1762.35	727.511	31.4906	182.663	18.2035	0.20069	0.0186111	950.472	49.2572	
1.97-2.4	7.5-8.5	0.0-100.0	0.000-1.571	0.0-350.0	0.0-120.0	0.024	0.112	900.0	885.0	710.392	29.4279	189.71	18.58	-1.26302	0.317746	-0.05	0.0	0.188826	0.229937	3.09433	0.0023072	0.0338766	0.0120593	0.0567005	0.00654049	0.03	0.0	1.8	0.0	5.0	0.0	2.5	0.0	0.0531468	0.00367915	2.23979e-05	0.00458897	0.325677	0.0402819	0.103796	0.0587317	-0.00999998	0.0186241	0.00194833	0.00195083	1.86812	0.336977	0.837157	0.0447981	0.655007	0.258708	0.582299	0.24064	0.0103129	0.974277	0.00852762	0.0209803	0.487843	0.0857856	0.0504039	0.0226941	-1471.56	569.937	28.6034	140.455	17.1638	0.197714	0.0227305	995.149	55.2842	
1.97-2.4	8.5-10.0	0.0-100.0	0.000-1.571	0.0-350.0	0.0-120.0	0.024	0.128	817.0	812.0	617.488	27.4323	199.448	18.2901	-1.28072	0.307445	-0.05	0.0	0.52	0.302164	3.09256	0.00268252	0.0556807	0.00429051	0.0599996	0.03276	0.03	0.0	1.8	0.0	5.0	0.0	2.5	0.0	0.057794	0.00825875	2.85672e-05	0.00458614	0.352982	0.0354453	0.347779	0.298105	-0.00465087	0.00528881	0.00251136	0.00229745	1.25638	0.143425	0.674112	0.0712846	0.999993	1.39427	0.559882	0.0423422	0.0947073	0.04905	0.0193122	0.73232	0.298868	0.0233328	0.0447344	0.00691041	-1251.72	455.557	26.4258	161.931	18.4521	0.262241	0.0275179	919.432	98.7606	
